% time-domain current integration by openEMS v0.0.36 @Sat Dec  9 18:58:01 2023
% start-coordinates: (0.01165,-0.000351667,-6.813e-05) m -> [185,42,7]
% stop-coordinates: (0.01165,0.000311667,3.74715e-05) m -> [185,55,10]
% t/s	current
4.35320139587e-14	-0
6.22507799609e-12	-0
1.24066239782e-11	-0
1.85881699604e-11	-0
2.47697159425e-11	-0
3.09512619246e-11	-0
3.71328079068e-11	-0
4.33143538889e-11	-0
4.9495899871e-11	-0
5.56774458532e-11	-0
6.18589918353e-11	-0
6.80405378174e-11	1.92798131261e-37
7.42220837996e-11	3.23081970408e-28
8.04036297817e-11	1.52522492211e-21
8.65851757638e-11	1.4708859478e-16
9.2766721746e-11	2.6356643105e-13
9.89482677281e-11	4.43840233663e-12
1.0512981371e-10	-1.1103338843e-13
1.11311359692e-10	-3.47672520114e-12
1.17492905674e-10	-5.26048334667e-13
1.23674451657e-10	-2.70513125789e-11
1.29855997639e-10	-5.80557338314e-11
1.36037543621e-10	-9.57288137649e-11
1.42219089603e-10	-1.69698297081e-10
1.48400635585e-10	-2.13982775943e-10
1.54582181567e-10	-1.61748323069e-10
1.60763727549e-10	6.76714032033e-11
1.66945273532e-10	7.42366446094e-10
1.73126819514e-10	2.20458784561e-09
1.79308365496e-10	3.81398512772e-09
1.85489911478e-10	1.33075814257e-10
1.9167145746e-10	-2.34604193849e-08
1.97853003442e-10	-7.99666608486e-08
2.04034549424e-10	-1.87665179396e-07
2.10216095407e-10	-3.6893163724e-07
2.16397641389e-10	-6.10897643583e-07
2.22579187371e-10	-8.44348051032e-07
2.28760733353e-10	-9.04451837869e-07
2.34942279335e-10	-5.08403786625e-07
2.41123825317e-10	7.07684307599e-07
2.47305371299e-10	3.06677202389e-06
2.53486917281e-10	6.64225535729e-06
2.59668463264e-10	1.10169321488e-05
2.65850009246e-10	1.51285439642e-05
2.72031555228e-10	1.73493936018e-05
2.7821310121e-10	1.58944421855e-05
2.84394647192e-10	9.51074889599e-06
2.90576193174e-10	-1.78751588464e-06
2.96757739156e-10	-1.62918840942e-05
3.02939285139e-10	-3.07945301756e-05
3.09120831121e-10	-4.14739333792e-05
3.15302377103e-10	-4.51999731013e-05
3.21483923085e-10	-4.07246116083e-05
3.27665469067e-10	-2.92115983029e-05
3.33847015049e-10	-1.38371469802e-05
3.40028561031e-10	1.37133451972e-06
3.46210107013e-10	1.29391264636e-05
3.52391652996e-10	1.89902893908e-05
3.58573198978e-10	1.95556749532e-05
3.6475474496e-10	1.61413518072e-05
3.70936290942e-10	1.08773756438e-05
3.77117836924e-10	5.67817778574e-06
3.83299382906e-10	1.73207592979e-06
3.89480928888e-10	-5.89853925703e-07
3.95662474871e-10	-1.51576546159e-06
4.01844020853e-10	-1.54278393438e-06
4.08025566835e-10	-1.16145417905e-06
4.14207112817e-10	-7.11177108315e-07
4.20388658799e-10	-3.57526459993e-07
4.26570204781e-10	-1.38886861123e-07
4.32751750763e-10	-2.95830524522e-08
4.38933296745e-10	1.23366072913e-08
4.45114842728e-10	2.12321715765e-08
4.5129638871e-10	1.79186816496e-08
4.57477934692e-10	1.23774288596e-08
4.63659480674e-10	8.31755464503e-09
4.69841026656e-10	6.71720856715e-09
4.76022572638e-10	6.67795330145e-09
4.8220411862e-10	5.76590331036e-09
4.88385664603e-10	4.85410911466e-09
4.94567210585e-10	5.02574692973e-09
5.00748756567e-10	4.87685314354e-09
5.06930302549e-10	4.85378004456e-09
5.13111848531e-10	4.94579976973e-09
5.19293394513e-10	4.94631491321e-09
5.25474940495e-10	4.88380580421e-09
5.31656486477e-10	4.85100493108e-09
5.3783803246e-10	4.86869788929e-09
5.44019578442e-10	4.907833695e-09
5.50201124424e-10	4.98173324814e-09
5.56382670406e-10	5.00839547612e-09
5.62564216388e-10	5.01707031475e-09
5.6874576237e-10	5.00334129683e-09
5.74927308352e-10	5.04212893659e-09
5.81108854335e-10	5.09997200027e-09
5.87290400317e-10	5.16149922802e-09
5.93471946299e-10	5.1962323333e-09
5.99653492281e-10	5.18501108715e-09
6.05835038263e-10	5.11076336807e-09
6.12016584245e-10	5.00329777608e-09
6.18198130227e-10	4.89897589162e-09
6.24379676209e-10	4.85642770442e-09
6.30561222192e-10	4.94728702449e-09
6.36742768174e-10	5.15173192994e-09
6.42924314156e-10	5.32406385645e-09
6.49105860138e-10	5.42229461331e-09
6.5528740612e-10	5.38265876315e-09
6.61468952102e-10	5.20549114924e-09
6.67650498084e-10	4.99665286924e-09
6.73832044067e-10	4.87859086462e-09
6.80013590049e-10	4.86421614099e-09
6.86195136031e-10	4.98634200596e-09
6.92376682013e-10	5.19921261599e-09
6.98558227995e-10	5.41280176236e-09
7.04739773977e-10	5.45560219223e-09
7.10921319959e-10	5.35623989606e-09
7.17102865941e-10	5.19728970971e-09
7.23284411924e-10	5.05632025138e-09
7.29465957906e-10	4.98357399792e-09
7.35647503888e-10	4.95903318409e-09
7.4182904987e-10	4.94355134606e-09
7.48010595852e-10	4.92951723885e-09
7.54192141834e-10	4.94866192469e-09
7.60373687816e-10	5.00137620207e-09
7.66555233799e-10	5.06839636927e-09
7.72736779781e-10	5.11848519125e-09
7.78918325763e-10	5.12363218519e-09
7.85099871745e-10	5.10903275242e-09
7.91281417727e-10	5.09115238856e-09
7.97462963709e-10	5.09468378596e-09
8.03644509691e-10	5.18033971275e-09
8.09826055673e-10	5.33536503866e-09
8.16007601656e-10	5.47691714203e-09
8.22189147638e-10	5.50150902612e-09
8.2837069362e-10	5.38301136999e-09
8.34552239602e-10	5.17543252698e-09
8.40733785584e-10	4.9424588866e-09
8.46915331566e-10	4.79720974056e-09
8.53096877548e-10	4.82309792105e-09
8.59278423531e-10	4.95536278677e-09
8.65459969513e-10	5.0913193661e-09
8.71641515495e-10	5.21193932457e-09
8.77823061477e-10	5.2863988742e-09
8.84004607459e-10	5.29896615475e-09
8.90186153441e-10	5.25658627737e-09
8.96367699423e-10	5.18478060485e-09
