% time-domain current integration by openEMS v0.0.36 @Sat Dec  9 18:29:32 2023
% start-coordinates: (-0.01185,-0.000351667,-6.813e-05) m -> [27,42,7]
% stop-coordinates: (-0.01185,0.000311667,3.74715e-05) m -> [27,55,10]
% t/s	current
4.35320139587e-14	0
6.22507799609e-12	-2.02821737751e-21
1.24066239782e-11	-3.33676472954e-13
1.85881699604e-11	-1.43011935627e-10
2.47697159425e-11	-1.20151788519e-09
3.09512619246e-11	-7.94318744113e-09
3.71328079068e-11	-9.9279189314e-09
4.33143538889e-11	-6.05102545848e-09
4.9495899871e-11	2.03341077309e-08
5.56774458532e-11	9.16148508168e-08
6.18589918353e-11	2.37778650103e-07
6.80405378174e-11	4.8108449846e-07
7.42220837996e-11	8.04071930816e-07
8.04036297817e-11	1.10313862933e-06
8.65851757638e-11	1.14466968171e-06
9.2766721746e-11	5.58214821922e-07
9.89482677281e-11	-1.08849746994e-06
1.0512981371e-10	-4.10503889725e-06
1.11311359692e-10	-8.40938628244e-06
1.17492905674e-10	-1.32749974e-05
1.23674451657e-10	-1.72557756741e-05
1.29855997639e-10	-1.84376694961e-05
1.36037543621e-10	-1.5051603441e-05
1.42219089603e-10	-6.28434509053e-06
1.48400635585e-10	7.05443062543e-06
1.54582181567e-10	2.23905353778e-05
1.60763727549e-10	3.59766236215e-05
1.66945273532e-10	4.40889707534e-05
1.73126819514e-10	4.43704375357e-05
1.79308365496e-10	3.67297689081e-05
1.85489911478e-10	2.33809441852e-05
1.9167145746e-10	8.00096859166e-06
1.97853003442e-10	-5.6032208704e-06
2.04034549424e-10	-1.47308082887e-05
2.10216095407e-10	-1.84410364454e-05
2.16397641389e-10	-1.74629058165e-05
2.22579187371e-10	-1.35475474963e-05
2.28760733353e-10	-8.64360117703e-06
2.34942279335e-10	-4.2532929001e-06
2.41123825317e-10	-1.151603783e-06
2.47305371299e-10	5.53221639166e-07
2.53486917281e-10	1.16664955385e-06
2.59668463264e-10	1.12974475996e-06
2.65850009246e-10	8.24878213734e-07
2.72031555228e-10	4.94496134706e-07
2.7821310121e-10	2.46178672114e-07
2.84394647192e-10	9.79721050953e-08
2.90576193174e-10	2.66682675942e-08
2.96757739156e-10	8.23944135142e-10
3.02939285139e-10	-3.92262222704e-09
3.09120831121e-10	-1.73901226752e-09
3.15302377103e-10	7.30453919573e-10
3.21483923085e-10	9.61647428355e-11
3.27665469067e-10	-5.71390545989e-10
3.33847015049e-10	-1.26658417088e-09
3.40028561031e-10	-1.75467584906e-09
3.46210107013e-10	-2.09175654575e-09
3.52391652996e-10	-2.29653540629e-09
3.58573198978e-10	-2.37851760509e-09
3.6475474496e-10	-2.51203680079e-09
3.70936290942e-10	-2.89358692562e-09
3.77117836924e-10	-3.60563645607e-09
3.83299382906e-10	-4.81469619729e-09
3.89480928888e-10	-6.22750651047e-09
3.95662474871e-10	-7.4265749106e-09
4.01844020853e-10	-7.76286501747e-09
4.08025566835e-10	-6.52352349917e-09
4.14207112817e-10	-3.46134276796e-09
4.20388658799e-10	8.16507028656e-10
4.26570204781e-10	4.79634154615e-09
4.32751750763e-10	6.51178977407e-09
4.38933296745e-10	4.80736872532e-09
4.45114842728e-10	6.21805551493e-10
4.5129638871e-10	-2.20538409756e-09
4.57477934692e-10	2.20795315364e-09
4.63659480674e-10	1.93625382394e-08
4.69841026656e-10	5.06929183075e-08
4.76022572638e-10	9.06424872937e-08
4.8220411862e-10	1.26186122884e-07
4.88385664603e-10	1.39973408864e-07
4.94567210585e-10	1.16419840879e-07
5.00748756567e-10	4.8715612877e-08
5.06930302549e-10	-5.65269004937e-08
5.13111848531e-10	-1.79246200105e-07
5.19293394513e-10	-2.91206902148e-07
5.25474940495e-10	-3.64791020502e-07
5.31656486477e-10	-3.81992009579e-07
5.3783803246e-10	-3.40152610079e-07
5.44019578442e-10	-2.52243182786e-07
5.50201124424e-10	-1.41826760114e-07
5.56382670406e-10	-3.49865167948e-08
5.62564216388e-10	4.75946784206e-08
5.6874576237e-10	9.5509825826e-08
5.74927308352e-10	1.09261989678e-07
5.81108854335e-10	9.73525047243e-08
5.87290400317e-10	7.15804446827e-08
5.93471946299e-10	4.27703774619e-08
5.99653492281e-10	1.81653216913e-08
6.05835038263e-10	8.75498451514e-10
6.12016584245e-10	-9.18284026596e-09
6.18198130227e-10	-1.37741498207e-08
6.24379676209e-10	-1.50293395507e-08
6.30561222192e-10	-1.46626648601e-08
6.36742768174e-10	-1.37395694821e-08
6.42924314156e-10	-1.27667991734e-08
6.49105860138e-10	-1.18891883005e-08
6.5528740612e-10	-1.1150371293e-08
6.61468952102e-10	-1.05393889172e-08
6.67650498084e-10	-1.0014390206e-08
6.73832044067e-10	-9.58727053302e-09
6.80013590049e-10	-9.236170051e-09
6.86195136031e-10	-8.94724472289e-09
6.92376682013e-10	-8.71692762416e-09
6.98558227995e-10	-8.519060124e-09
7.04739773977e-10	-8.34290503349e-09
7.10921319959e-10	-8.18381273859e-09
7.17102865941e-10	-8.02512811759e-09
7.23284411924e-10	-7.87707765681e-09
7.29465957906e-10	-7.74249908631e-09
7.35647503888e-10	-7.62043939062e-09
7.4182904987e-10	-7.50796402826e-09
7.48010595852e-10	-7.40241290487e-09
7.54192141834e-10	-7.30007743144e-09
7.60373687816e-10	-7.19490822476e-09
7.66555233799e-10	-7.09777792096e-09
7.72736779781e-10	-7.00293112388e-09
7.78918325763e-10	-6.90884061072e-09
7.85099871745e-10	-6.82285428155e-09
7.91281417727e-10	-6.74960265457e-09
7.97462963709e-10	-6.68033095508e-09
8.03644509691e-10	-6.6153926781e-09
8.09826055673e-10	-6.55435972163e-09
8.16007601656e-10	-6.49683506992e-09
8.22189147638e-10	-6.4407310596e-09
8.2837069362e-10	-6.3785345894e-09
8.34552239602e-10	-6.3256275773e-09
8.40733785584e-10	-6.28182084128e-09
8.46915331566e-10	-6.2357941033e-09
8.53096877548e-10	-6.19247986222e-09
8.59278423531e-10	-6.14333028892e-09
8.65459969513e-10	-6.10682304725e-09
8.71641515495e-10	-6.07465722169e-09
8.77823061477e-10	-6.04367667023e-09
8.84004607459e-10	-6.01210192741e-09
8.90186153441e-10	-5.98213256708e-09
