% time-domain voltage integration by openEMS v0.0.36 @Sat Dec  9 18:58:01 2023
% start-coordinates: (-0.01165,0,-0) m -> [29,49,9]
% stop-coordinates: (-0.01165,0,-0.00033626) m -> [29,49,0]
% t/s	voltage
0	0
6.18154598213e-12	8.25155913623e-26
1.23630919643e-11	-1.37770155834e-14
1.85446379464e-11	-6.00526652711e-10
2.47261839285e-11	-2.84791743521e-08
3.09077299107e-11	-3.03265224488e-07
3.70892758928e-11	-5.71837247776e-07
4.32708218749e-11	-4.63977954723e-07
4.94523678571e-11	5.49263514671e-07
5.56339138392e-11	3.45229307186e-06
6.18154598213e-11	9.80360391623e-06
6.79970058035e-11	2.09926374737e-05
7.41785517856e-11	3.68243345292e-05
8.03600977677e-11	5.32698104507e-05
8.65416437499e-11	6.00584730819e-05
9.2723189732e-11	3.9666160319e-05
9.89047357141e-11	-2.9975841926e-05
1.05086281696e-10	-0.000167202102602
1.11267827678e-10	-0.000373409744498
1.17449373661e-10	-0.000619212427409
1.23630919643e-10	-0.00083786182222
1.29812465625e-10	-0.000934292234888
1.35994011607e-10	-0.000813263432065
1.42175557589e-10	-0.000420371758082
1.48357103571e-10	0.000220411784539
1.54538649553e-10	0.000992903638689
1.60720195535e-10	0.00171198826865
1.66901741518e-10	0.00218111758295
1.730832875e-10	0.00226275026216
1.79264833482e-10	0.00193114494323
1.85446379464e-10	0.00128281090292
1.91627925446e-10	0.00049967369705
1.97809471428e-10	-0.000218088509428
2.0399101741e-10	-0.000719304138329
2.10172563393e-10	-0.000941753503866
2.16354109375e-10	-0.000913085823413
2.22535655357e-10	-0.000720078649465
2.28717201339e-10	-0.000465383607661
2.34898747321e-10	-0.000231502866882
2.41080293303e-10	-6.33869740341e-05
2.47261839285e-10	3.0317880146e-05
2.53443385267e-10	6.45173313387e-05
2.5962493125e-10	6.26544433544e-05
2.65806477232e-10	4.56771149402e-05
2.71988023214e-10	2.71408118806e-05
2.78169569196e-10	1.31764662683e-05
2.84351115178e-10	4.88127449216e-06
2.9053266116e-10	9.51799762561e-07
2.96714207142e-10	-3.99819420238e-07
3.02895753125e-10	-5.6754827682e-07
3.09077299107e-10	-3.58262575162e-07
3.15258845089e-10	-1.42363953515e-07
3.21440391071e-10	-1.0020504071e-07
3.27621937053e-10	-1.14762851666e-07
3.33803483035e-10	-1.1017572632e-07
3.39985029017e-10	-9.90071971074e-08
3.46166574999e-10	-9.1009374259e-08
3.52348120982e-10	-9.61695629798e-08
3.58529666964e-10	-1.14272733498e-07
3.64711212946e-10	-1.30718479596e-07
3.70892758928e-10	-1.30778188279e-07
3.7707430491e-10	-1.04780984778e-07
3.83255850892e-10	-5.70420790602e-08
3.89437396874e-10	2.00476686363e-08
3.95618942857e-10	1.01214912007e-07
4.01800488839e-10	1.19220468164e-07
4.07982034821e-10	5.39769930974e-08
4.14163580803e-10	-1.38705541275e-07
4.20345126785e-10	-4.5525771597e-07
4.26526672767e-10	-8.02071070893e-07
4.32708218749e-10	-1.04014014113e-06
4.38889764731e-10	-1.01342367032e-06
4.45071310714e-10	-6.73375843974e-07
4.51252856696e-10	-1.05112211379e-07
4.57434402678e-10	4.3585705356e-07
4.6361594866e-10	6.65274413336e-07
4.69797494642e-10	3.77224118608e-07
4.75979040624e-10	-3.7859553359e-07
4.82160586606e-10	-1.24604321172e-06
4.88342132589e-10	-1.72657045994e-06
4.94523678571e-10	-1.39235056906e-06
5.00705224553e-10	-1.2178475739e-07
5.06886770535e-10	1.76346986791e-06
5.13068316517e-10	3.62037684454e-06
5.19249862499e-10	4.75477611417e-06
5.25431408481e-10	4.7116091082e-06
5.31612954463e-10	3.47218806951e-06
5.37794500446e-10	1.45130523777e-06
5.43976046428e-10	-7.06389670313e-07
5.5015759241e-10	-2.40212338554e-06
5.56339138392e-10	-3.27927082822e-06
5.62520684374e-10	-3.29414629618e-06
5.68702230356e-10	-2.6847822312e-06
5.74883776338e-10	-1.80719143827e-06
5.81065322321e-10	-9.68528837575e-07
5.87246868303e-10	-3.61636736557e-07
5.93428414285e-10	-3.85489826726e-08
5.99609960267e-10	5.21282683685e-08
6.05791506249e-10	2.30913529964e-09
6.11973052231e-10	-9.75753335908e-08
6.18154598213e-10	-1.88134432477e-07
6.24336144196e-10	-2.44058488974e-07
6.30517690178e-10	-2.70748252262e-07
6.3669923616e-10	-2.77296079432e-07
6.42880782142e-10	-2.67096924134e-07
6.49062328124e-10	-2.59159810057e-07
6.55243874106e-10	-2.60750223191e-07
6.61425420088e-10	-2.65822235335e-07
6.6760696607e-10	-2.69990477975e-07
6.73788512053e-10	-2.71577631494e-07
6.79970058035e-10	-2.73618038449e-07
6.86151604017e-10	-2.68383193003e-07
6.92333149999e-10	-2.65543972588e-07
6.98514695981e-10	-2.64662178395e-07
7.04696241963e-10	-2.6332843106e-07
7.10877787945e-10	-2.63792600208e-07
7.17059333928e-10	-2.61622210118e-07
7.2324087991e-10	-2.57167968698e-07
7.29422425892e-10	-2.52146827862e-07
7.35603971874e-10	-2.5064874265e-07
7.41785517856e-10	-2.55722886422e-07
7.47967063838e-10	-2.69483562576e-07
7.5414860982e-10	-2.79209402265e-07
7.60330155802e-10	-2.83804730827e-07
7.66511701785e-10	-2.79311578311e-07
7.72693247767e-10	-2.67798743181e-07
7.78874793749e-10	-2.55760573609e-07
7.85056339731e-10	-2.52541813239e-07
7.91237885713e-10	-2.5785898039e-07
7.97419431695e-10	-2.6469104597e-07
8.03600977677e-10	-2.75114501846e-07
8.0978252366e-10	-2.83371370813e-07
8.15964069642e-10	-2.79091402433e-07
8.22145615624e-10	-2.665743839e-07
8.28327161606e-10	-2.54125264831e-07
8.34508707588e-10	-2.45535751731e-07
8.4069025357e-10	-2.41473012252e-07
8.46871799552e-10	-2.45500984875e-07
8.53053345534e-10	-2.57587116081e-07
8.59234891517e-10	-2.65210797323e-07
8.65416437499e-10	-2.70143441838e-07
8.71597983481e-10	-2.70031531358e-07
8.77779529463e-10	-2.66973319896e-07
8.83961075445e-10	-2.62774484838e-07
8.90142621427e-10	-2.64019773155e-07
8.96324167409e-10	-2.68718197916e-07
