% time-domain current integration by openEMS v0.0.36 @Sat Dec  9 18:29:32 2023
% start-coordinates: (0.01175,-0.000351667,-6.813e-05) m -> [186,42,7]
% stop-coordinates: (0.01175,0.000311667,3.74715e-05) m -> [186,55,10]
% t/s	current
4.35320139587e-14	-0
6.22507799609e-12	-0
1.24066239782e-11	-0
1.85881699604e-11	-0
2.47697159425e-11	-0
3.09512619246e-11	-0
3.71328079068e-11	-0
4.33143538889e-11	-0
4.9495899871e-11	-0
5.56774458532e-11	-0
6.18589918353e-11	-0
6.80405378174e-11	-0
7.42220837996e-11	1.34102405731e-28
8.04036297817e-11	7.67440643206e-22
8.65851757638e-11	9.00054231902e-17
9.2766721746e-11	1.9977025405e-13
9.89482677281e-11	4.50458160356e-12
1.0512981371e-10	-8.42431267974e-13
1.11311359692e-10	-2.61799848293e-12
1.17492905674e-10	-1.52187764886e-13
1.23674451657e-10	-2.555903926e-11
1.29855997639e-10	-5.59204973993e-11
1.36037543621e-10	-9.34866767333e-11
1.42219089603e-10	-1.65034194644e-10
1.48400635585e-10	-2.12992068427e-10
1.54582181567e-10	-1.57477059171e-10
1.60763727549e-10	1.00123714875e-10
1.66945273532e-10	8.14809109073e-10
1.73126819514e-10	2.2790824783e-09
1.79308365496e-10	3.49204176686e-09
1.85489911478e-10	-1.96852645296e-09
1.9167145746e-10	-2.75116622817e-08
1.97853003442e-10	-8.40295300009e-08
2.04034549424e-10	-1.93677365701e-07
2.10216095407e-10	-3.68722396615e-07
2.16397641389e-10	-5.96456914082e-07
2.22579187371e-10	-8.01968951691e-07
2.28760733353e-10	-8.19289425635e-07
2.34942279335e-10	-3.77558023956e-07
2.41123825317e-10	8.58211080867e-07
2.47305371299e-10	3.16709474646e-06
2.53486917281e-10	6.57676309856e-06
2.59668463264e-10	1.0649453543e-05
2.65850009246e-10	1.43609813676e-05
2.72031555228e-10	1.62016967806e-05
2.7821310121e-10	1.45717731357e-05
2.84394647192e-10	8.41047949507e-06
2.90576193174e-10	-2.1631585696e-06
2.96757739156e-10	-1.55136513058e-05
3.02939285139e-10	-2.87126240437e-05
3.09120831121e-10	-3.83584083465e-05
3.15302377103e-10	-4.17278133682e-05
3.21483923085e-10	-3.77891410608e-05
3.27665469067e-10	-2.76165901596e-05
3.33847015049e-10	-1.40052743518e-05
3.40028561031e-10	-4.52669922879e-07
3.46210107013e-10	1.00385841506e-05
3.52391652996e-10	1.5833933503e-05
3.58573198978e-10	1.69121522049e-05
3.6475474496e-10	1.44963187267e-05
3.70936290942e-10	1.03445718196e-05
3.77117836924e-10	6.0563174884e-06
3.83299382906e-10	2.65032281277e-06
3.89480928888e-10	4.85078771817e-07
3.95662474871e-10	-5.70441557102e-07
4.01844020853e-10	-8.75336013451e-07
4.08025566835e-10	-7.97438815425e-07
4.14207112817e-10	-5.97398809532e-07
4.20388658799e-10	-4.08668398677e-07
4.26570204781e-10	-2.72063317652e-07
4.32751750763e-10	-1.82403368854e-07
4.38933296745e-10	-1.22760482668e-07
4.45114842728e-10	-8.0319146889e-08
4.5129638871e-10	-4.90451412816e-08
4.57477934692e-10	-2.68006559168e-08
4.63659480674e-10	-1.21841372547e-08
4.69841026656e-10	-3.36716521332e-09
4.76022572638e-10	8.3790197003e-10
4.8220411862e-10	1.01188513124e-09
4.88385664603e-10	4.23497764634e-10
4.94567210585e-10	-2.80161116528e-10
5.00748756567e-10	-6.32925323263e-10
5.06930302549e-10	-7.93532906052e-10
5.13111848531e-10	-7.10097591838e-10
5.19293394513e-10	-4.84758400088e-10
5.25474940495e-10	-2.05554878674e-10
5.31656486477e-10	7.93658611054e-11
5.3783803246e-10	3.58068491524e-10
5.44019578442e-10	6.26421248207e-10
5.50201124424e-10	8.69613381305e-10
5.56382670406e-10	1.11080988852e-09
5.62564216388e-10	1.32617838933e-09
5.6874576237e-10	1.52726653546e-09
5.74927308352e-10	1.71381098202e-09
5.81108854335e-10	1.89436710762e-09
5.87290400317e-10	2.05556260902e-09
5.93471946299e-10	2.20179874333e-09
5.99653492281e-10	2.33382624337e-09
6.05835038263e-10	2.45619657946e-09
6.12016584245e-10	2.58075760762e-09
6.18198130227e-10	2.71514100092e-09
6.24379676209e-10	2.88302848261e-09
6.30561222192e-10	3.08528336213e-09
6.36742768174e-10	3.28631588609e-09
6.42924314156e-10	3.44448758405e-09
6.49105860138e-10	3.51284490385e-09
6.5528740612e-10	3.49678486167e-09
6.61468952102e-10	3.44561690291e-09
6.67650498084e-10	3.43499895195e-09
6.73832044067e-10	3.56149842951e-09
6.80013590049e-10	3.88331722334e-09
6.86195136031e-10	4.37761427108e-09
6.92376682013e-10	4.9169210925e-09
6.98558227995e-10	5.34773825223e-09
7.04739773977e-10	5.44206324449e-09
7.10921319959e-10	5.08577713276e-09
7.17102865941e-10	4.29026281168e-09
7.23284411924e-10	3.20770876527e-09
7.29465957906e-10	2.08503037058e-09
7.35647503888e-10	1.1919402132e-09
7.4182904987e-10	7.37354011182e-10
7.48010595852e-10	8.10779443583e-10
7.54192141834e-10	1.34928324069e-09
7.60373687816e-10	2.19357598752e-09
7.66555233799e-10	3.13422887643e-09
7.72736779781e-10	3.97834387655e-09
7.78918325763e-10	4.59858240376e-09
7.85099871745e-10	4.95749219454e-09
7.91281417727e-10	5.06844344272e-09
7.97462963709e-10	5.02142727399e-09
8.03644509691e-10	4.88237583696e-09
8.09826055673e-10	4.72588412848e-09
8.16007601656e-10	4.58992088781e-09
8.22189147638e-10	4.49090231669e-09
8.2837069362e-10	4.42542313905e-09
8.34552239602e-10	4.40333414176e-09
8.40733785584e-10	4.40870939755e-09
8.46915331566e-10	4.41578151822e-09
8.53096877548e-10	4.43739001099e-09
8.59278423531e-10	4.46012693445e-09
8.65459969513e-10	4.48323955737e-09
8.71641515495e-10	4.50431603127e-09
8.77823061477e-10	4.52291271102e-09
8.84004607459e-10	4.53565229819e-09
8.90186153441e-10	4.55360327223e-09
