% time-domain current integration by openEMS v0.0.36 @Sat Dec  9 18:29:32 2023
% start-coordinates: (-0.01175,-0.000351667,-6.813e-05) m -> [28,42,7]
% stop-coordinates: (-0.01175,0.000311667,3.74715e-05) m -> [28,55,10]
% t/s	current
4.35320139587e-14	0
6.22507799609e-12	-3.86673741102e-22
1.24066239782e-11	-1.7977928716e-13
1.85881699604e-11	-1.16473650169e-10
2.47697159425e-11	-9.51517198367e-10
3.09512619246e-11	-7.02362967786e-09
3.71328079068e-11	-1.02916182243e-08
4.33143538889e-11	-7.12029857297e-09
4.9495899871e-11	1.65925904128e-08
5.56774458532e-11	8.21177579269e-08
6.18589918353e-11	2.19410807745e-07
6.80405378174e-11	4.52643774906e-07
7.42220837996e-11	7.70130725414e-07
8.04036297817e-11	1.07898324586e-06
8.65851757638e-11	1.15978707527e-06
9.2766721746e-11	6.54219888929e-07
9.89482677281e-11	-8.69854659413e-07
1.0512981371e-10	-3.74481578547e-06
1.11311359692e-10	-7.9398168964e-06
1.17492905674e-10	-1.27999655888e-05
1.23674451657e-10	-1.69461400219e-05
1.29855997639e-10	-1.84900636668e-05
1.36037543621e-10	-1.56145397341e-05
1.42219089603e-10	-7.37716436561e-06
1.48400635585e-10	5.59094951313e-06
1.54582181567e-10	2.08778637898e-05
1.60763727549e-10	3.48085486621e-05
1.66945273532e-10	4.35968431702e-05
1.73126819514e-10	4.46994818049e-05
1.79308365496e-10	3.77827382181e-05
1.85489911478e-10	2.48556389124e-05
1.9167145746e-10	9.50405956246e-06
1.97853003442e-10	-4.41817064711e-06
2.04034549424e-10	-1.40601132443e-05
2.10216095407e-10	-1.82985786523e-05
2.16397641389e-10	-1.77187339432e-05
2.22579187371e-10	-1.40066213135e-05
2.28760733353e-10	-9.12448922463e-06
2.34942279335e-10	-4.63746846435e-06
2.41123825317e-10	-1.39456460602e-06
2.47305371299e-10	4.39298588617e-07
2.53486917281e-10	1.14153374398e-06
2.59668463264e-10	1.15019133773e-06
2.65850009246e-10	8.58767918999e-07
2.72031555228e-10	5.24351207787e-07
2.7821310121e-10	2.66168228791e-07
2.84394647192e-10	1.08799547149e-07
2.90576193174e-10	3.13417949371e-08
2.96757739156e-10	2.24843743624e-09
3.02939285139e-10	-3.8248471057e-09
3.09120831121e-10	-1.97401228696e-09
3.15302377103e-10	6.36685815181e-10
3.21483923085e-10	2.92329521701e-10
3.27665469067e-10	-5.55812618153e-10
3.33847015049e-10	-1.23430332621e-09
3.40028561031e-10	-1.68601155259e-09
3.46210107013e-10	-2.00457872523e-09
3.52391652996e-10	-2.20476770174e-09
3.58573198978e-10	-2.28981944517e-09
3.6475474496e-10	-2.45405740174e-09
3.70936290942e-10	-2.87770784979e-09
3.77117836924e-10	-3.64256713681e-09
3.83299382906e-10	-4.88446838531e-09
3.89480928888e-10	-6.32952046331e-09
3.95662474871e-10	-7.45902006827e-09
4.01844020853e-10	-7.6542754357e-09
4.08025566835e-10	-6.2500964404e-09
4.14207112817e-10	-3.03001690405e-09
4.20388658799e-10	1.30851962599e-09
4.26570204781e-10	5.16252329774e-09
4.32751750763e-10	6.56217924444e-09
4.38933296745e-10	4.51672077517e-09
4.45114842728e-10	2.24738769261e-10
4.5129638871e-10	-2.1833450603e-09
4.57477934692e-10	3.27055915683e-09
4.63659480674e-10	2.18630713533e-08
4.69841026656e-10	5.44530252e-08
4.76022572638e-10	9.4691074537e-08
4.8220411862e-10	1.28917307052e-07
4.88385664603e-10	1.39629818818e-07
4.94567210585e-10	1.11807231917e-07
5.00748756567e-10	3.98035098215e-08
5.06930302549e-10	-6.83298537751e-08
5.13111848531e-10	-1.9137642937e-07
5.19293394513e-10	-3.00710780721e-07
5.25474940495e-10	-3.69278041035e-07
5.31656486477e-10	-3.80420459578e-07
5.3783803246e-10	-3.33132675223e-07
5.44019578442e-10	-2.41776575649e-07
5.50201124424e-10	-1.30571237378e-07
5.56382670406e-10	-2.53919516524e-08
5.62564216388e-10	5.39495559337e-08
5.6874576237e-10	9.81987611226e-08
5.74927308352e-10	1.08857676651e-07
5.81108854335e-10	9.50061078697e-08
5.87290400317e-10	6.85280951984e-08
5.93471946299e-10	3.99617583469e-08
5.99653492281e-10	1.61131694654e-08
6.05835038263e-10	-3.13575165833e-10
6.12016584245e-10	-9.6681693762e-09
6.18198130227e-10	-1.38105971104e-08
6.24379676209e-10	-1.48549714751e-08
6.30561222192e-10	-1.444600084e-08
6.36742768174e-10	-1.35607924889e-08
6.42924314156e-10	-1.26471446649e-08
6.49105860138e-10	-1.18228724588e-08
6.5528740612e-10	-1.11140323611e-08
6.61468952102e-10	-1.05156736652e-08
6.67650498084e-10	-9.99696236903e-09
6.73832044067e-10	-9.56514689676e-09
6.80013590049e-10	-9.21082676797e-09
6.86195136031e-10	-8.92041462919e-09
6.92376682013e-10	-8.68658212028e-09
6.98558227995e-10	-8.49130632474e-09
7.04739773977e-10	-8.31908941734e-09
7.10921319959e-10	-8.16230460998e-09
7.17102865941e-10	-8.00607935503e-09
7.23284411924e-10	-7.86072273939e-09
7.29465957906e-10	-7.72432517948e-09
7.35647503888e-10	-7.60396456911e-09
7.4182904987e-10	-7.48923323357e-09
7.48010595852e-10	-7.3812196355e-09
7.54192141834e-10	-7.28137994344e-09
7.60373687816e-10	-7.17596027044e-09
7.66555233799e-10	-7.08118008674e-09
7.72736779781e-10	-6.98856883474e-09
7.78918325763e-10	-6.89877888149e-09
7.85099871745e-10	-6.81587497553e-09
7.91281417727e-10	-6.74105748999e-09
7.97462963709e-10	-6.66769262025e-09
8.03644509691e-10	-6.6019674172e-09
8.09826055673e-10	-6.53950449347e-09
8.16007601656e-10	-6.47930686881e-09
8.22189147638e-10	-6.42555697539e-09
8.2837069362e-10	-6.36725427938e-09
8.34552239602e-10	-6.31724539346e-09
8.40733785584e-10	-6.27595309055e-09
8.46915331566e-10	-6.22981799481e-09
8.53096877548e-10	-6.18804074648e-09
8.59278423531e-10	-6.13658013293e-09
8.65459969513e-10	-6.09529138274e-09
8.71641515495e-10	-6.06349015442e-09
8.77823061477e-10	-6.03556227219e-09
8.84004607459e-10	-6.00600369438e-09
8.90186153441e-10	-5.98103966354e-09
