% time-domain voltage integration by openEMS v0.0.36 @Sat Dec  9 18:29:32 2023
% start-coordinates: (0.01165,0,-0) m -> [185,49,9]
% stop-coordinates: (0.01165,0,-0.00033626) m -> [185,49,0]
% t/s	voltage
0	0
6.18154598213e-12	0
1.23630919643e-11	0
1.85446379464e-11	0
2.47261839285e-11	0
3.09077299107e-11	0
3.70892758928e-11	0
4.32708218749e-11	0
4.94523678571e-11	0
5.56339138392e-11	0
6.18154598213e-11	0
6.79970058035e-11	0
7.41785517856e-11	-8.59480465727e-30
8.03600977677e-11	-1.55125559018e-22
8.65416437499e-11	-5.6871502895e-17
9.2723189732e-11	-4.32160561744e-13
9.89047357141e-11	-4.49667620847e-11
1.05086281696e-10	5.86045083989e-11
1.11267827678e-10	1.7988454476e-11
1.17449373661e-10	-2.48527403518e-10
1.23630919643e-10	2.66277386425e-12
1.29812465625e-10	4.16841190037e-10
1.35994011607e-10	6.06739703618e-10
1.42175557589e-10	1.36022371144e-09
1.48357103571e-10	2.54936988187e-09
1.54538649553e-10	1.65550080589e-09
1.60720195535e-10	-7.34068911212e-09
1.66901741518e-10	-3.70812145434e-08
1.730832875e-10	-1.02158456805e-07
1.79264833482e-10	-1.47430695208e-07
1.85446379464e-10	1.94714393942e-07
1.91627925446e-10	1.61814979549e-06
1.97809471428e-10	4.6253053938e-06
2.0399101741e-10	1.05085697442e-05
2.10172563393e-10	1.9698608412e-05
2.16354109375e-10	3.14850349241e-05
2.22535655357e-10	4.16770517404e-05
2.28717201339e-10	4.12789759139e-05
2.34898747321e-10	1.60065631007e-05
2.41080293303e-10	-5.13183626936e-05
2.47261839285e-10	-0.000174134596818
2.53443385267e-10	-0.000351810027496
2.5962493125e-10	-0.000558878778975
2.65806477232e-10	-0.000739821320167
2.71988023214e-10	-0.000815942141344
2.78169569196e-10	-0.000707363818947
2.84351115178e-10	-0.000366122592823
2.9053266116e-10	0.000192126117327
2.96714207142e-10	0.000873963363119
3.02895753125e-10	0.0015239554632
3.09077299107e-10	0.00197003003268
3.15258845089e-10	0.00208311763708
3.21440391071e-10	0.00182608254545
3.27621937053e-10	0.00126942573115
3.33803483035e-10	0.000565883092349
3.39985029017e-10	-0.00010498492793
3.46166574999e-10	-0.000597530430241
3.52348120982e-10	-0.000840991400764
3.58529666964e-10	-0.000847107126901
3.64711212946e-10	-0.000687383108016
3.70892758928e-10	-0.000455299348687
3.7707430491e-10	-0.000231597627135
3.83255850892e-10	-6.4644089889e-05
3.89437396874e-10	3.17037627156e-05
3.95618942857e-10	6.81825595166e-05
4.01800488839e-10	6.63253786115e-05
4.07982034821e-10	4.72373071716e-05
4.14163580803e-10	2.57137505741e-05
4.20345126785e-10	9.20485160805e-06
4.26526672767e-10	-4.10908756798e-07
4.32708218749e-10	-4.30231904147e-06
4.38889764731e-10	-4.61701105792e-06
4.45071310714e-10	-3.3054112123e-06
4.51252856696e-10	-1.66512690214e-06
4.57434402678e-10	-3.54677268444e-07
4.6361594866e-10	4.21418148377e-07
4.69797494642e-10	7.16671429757e-07
4.75979040624e-10	7.40088335505e-07
4.82160586606e-10	7.00789794195e-07
4.88342132589e-10	5.8357352728e-07
4.94523678571e-10	4.86594849747e-07
5.00705224553e-10	3.94598748343e-07
5.06886770535e-10	3.33031163535e-07
5.13068316517e-10	2.88543320792e-07
5.19249862499e-10	2.5091033784e-07
5.25431408481e-10	2.18981079492e-07
5.31612954463e-10	1.90800049538e-07
5.37794500446e-10	1.65133308361e-07
5.43976046428e-10	1.41198429726e-07
5.5015759241e-10	1.18904583069e-07
5.56339138392e-10	9.7900544338e-08
5.62520684374e-10	7.7675410548e-08
5.68702230356e-10	5.82119512593e-08
5.74883776338e-10	4.00349025043e-08
5.81065322321e-10	2.35806796312e-08
5.87246868303e-10	8.88781492847e-09
5.93428414285e-10	-4.04152000755e-09
5.99609960267e-10	-1.50672372357e-08
6.05791506249e-10	-2.54927137178e-08
6.11973052231e-10	-3.65185615081e-08
6.18154598213e-10	-4.89205795873e-08
6.24336144196e-10	-6.28224818833e-08
6.30517690178e-10	-7.80312823245e-08
6.3669923616e-10	-9.27820200669e-08
6.42880782142e-10	-1.04680117075e-07
6.49062328124e-10	-1.11820211007e-07
6.55243874106e-10	-1.14040580878e-07
6.61425420088e-10	-1.13822085951e-07
6.6760696607e-10	-1.16108173853e-07
6.73788512053e-10	-1.25905281312e-07
6.79970058035e-10	-1.45883739311e-07
6.86151604017e-10	-1.73833918815e-07
6.92333149999e-10	-2.04446998886e-07
6.98514695981e-10	-2.26131182224e-07
7.04696241963e-10	-2.30630946341e-07
7.10877787945e-10	-2.12334559713e-07
7.17059333928e-10	-1.71689951145e-07
7.2324087991e-10	-1.17659679999e-07
7.29422425892e-10	-6.32541983236e-08
7.35603971874e-10	-2.26462990582e-08
7.41785517856e-10	-5.29479660116e-09
7.47967063838e-10	-1.48133461053e-08
7.5414860982e-10	-4.71861669737e-08
7.60330155802e-10	-9.31531872195e-08
7.66511701785e-10	-1.41793872199e-07
7.72693247767e-10	-1.83712739243e-07
7.78874793749e-10	-2.13080338263e-07
7.85056339731e-10	-2.2860973381e-07
7.91237885713e-10	-2.32224108387e-07
7.97419431695e-10	-2.28183695938e-07
8.03600977677e-10	-2.20780696836e-07
8.0978252366e-10	-2.13130797455e-07
8.15964069642e-10	-2.07305618893e-07
8.22145615624e-10	-2.0382429522e-07
8.28327161606e-10	-2.02506998725e-07
8.34508707588e-10	-2.03095093632e-07
8.4069025357e-10	-2.04206022758e-07
8.46871799552e-10	-2.0589660199e-07
8.53053345534e-10	-2.07709675237e-07
8.59234891517e-10	-2.09535526707e-07
8.65416437499e-10	-2.112338926e-07
8.71597983481e-10	-2.12833597857e-07
8.77779529463e-10	-2.1407277373e-07
8.83961075445e-10	-2.15216852339e-07
8.90142621427e-10	-2.16344842485e-07
