% time-domain voltage integration by openEMS v0.0.36 @Sat Dec  9 18:58:01 2023
% start-coordinates: (0.01175,0,-0) m -> [186,49,9]
% stop-coordinates: (0.01175,0,-0.00033626) m -> [186,49,0]
% t/s	voltage
0	0
6.18154598213e-12	0
1.23630919643e-11	0
1.85446379464e-11	0
2.47261839285e-11	0
3.09077299107e-11	0
3.70892758928e-11	0
4.32708218749e-11	0
4.94523678571e-11	0
5.56339138392e-11	0
6.18154598213e-11	0
6.79970058035e-11	0
7.41785517856e-11	-2.68349172266e-30
8.03600977677e-11	-6.07242652164e-23
8.65416437499e-11	-2.78285942604e-17
9.2723189732e-11	-2.6849681163e-13
9.89047357141e-11	-3.80315616239e-11
1.05086281696e-10	6.25671897105e-11
1.11267827678e-10	-6.60725844696e-11
1.17449373661e-10	-3.06834717356e-10
1.23630919643e-10	1.51175735884e-11
1.29812465625e-10	2.62950636959e-10
1.35994011607e-10	4.4417616113e-10
1.42175557589e-10	1.66367591925e-09
1.48357103571e-10	3.3237233521e-09
1.54538649553e-10	3.16398446332e-09
1.60720195535e-10	-2.73959749331e-09
1.66901741518e-10	-2.37063766395e-08
1.730832875e-10	-7.72689894291e-08
1.79264833482e-10	-1.54719527856e-07
1.85446379464e-10	-3.23428226423e-08
1.91627925446e-10	1.00989547747e-06
1.97809471428e-10	3.63698316619e-06
2.0399101741e-10	8.67797092496e-06
2.10172563393e-10	1.74811127636e-05
2.16354109375e-10	2.95561496841e-05
2.22535655357e-10	4.18842655563e-05
2.28717201339e-10	4.67944710181e-05
2.34898747321e-10	3.04187976781e-05
2.41080293303e-10	-2.55578083852e-05
2.47261839285e-10	-0.00013819792548
2.53443385267e-10	-0.000313081625791
2.5962493125e-10	-0.00053193308122
2.65806477232e-10	-0.000743976786907
2.71988023214e-10	-0.000868634815561
2.78169569196e-10	-0.000814860206447
2.84351115178e-10	-0.000515347925102
2.9053266116e-10	3.54898611477e-05
2.96714207142e-10	0.00075789661787
3.02895753125e-10	0.00149384785618
3.09077299107e-10	0.00204982967989
3.15258845089e-10	0.00226266666141
3.21440391071e-10	0.00206158046785
3.27621937053e-10	0.00149812057498
3.33803483035e-10	0.000728890307073
3.39985029017e-10	-4.19656139456e-05
3.46166574999e-10	-0.000634706135315
3.52348120982e-10	-0.000949291264988
3.58529666964e-10	-0.000983425285085
3.64711212946e-10	-0.000812075282738
3.70892758928e-10	-0.000544245394849
3.7707430491e-10	-0.000279198387943
3.83255850892e-10	-7.91112906882e-05
3.89437396874e-10	3.64676216122e-05
3.95618942857e-10	7.9659680523e-05
4.01800488839e-10	7.69583029978e-05
4.07982034821e-10	5.44988529327e-05
4.14163580803e-10	3.01876953017e-05
4.20345126785e-10	1.24064816873e-05
4.26526672767e-10	2.58787460439e-06
4.32708218749e-10	-1.25925697603e-06
4.38889764731e-10	-1.84411929638e-06
4.45071310714e-10	-1.22242306588e-06
4.51252856696e-10	-5.05123303185e-07
4.57434402678e-10	-7.77239339556e-08
4.6361594866e-10	4.35692828482e-08
4.69797494642e-10	-4.18799932511e-08
4.75979040624e-10	-1.96745562064e-07
4.82160586606e-10	-2.49880240943e-07
4.88342132589e-10	-2.39042021732e-07
4.94523678571e-10	-2.60401170848e-07
5.00705224553e-10	-2.41729745554e-07
5.06886770535e-10	-2.33326600707e-07
5.13068316517e-10	-2.43360773311e-07
5.19249862499e-10	-2.45638634766e-07
5.25431408481e-10	-2.43708722536e-07
5.31612954463e-10	-2.44689729811e-07
5.37794500446e-10	-2.47345999682e-07
5.43976046428e-10	-2.49689678711e-07
5.5015759241e-10	-2.54496466567e-07
5.56339138392e-10	-2.61567508986e-07
5.62520684374e-10	-2.71517121675e-07
5.68702230356e-10	-2.74800669331e-07
5.74883776338e-10	-2.69934437469e-07
5.81065322321e-10	-2.62804851658e-07
5.87246868303e-10	-2.4782199759e-07
5.93428414285e-10	-2.36061975301e-07
5.99609960267e-10	-2.35780834856e-07
6.05791506249e-10	-2.4062112125e-07
6.11973052231e-10	-2.47363315609e-07
6.18154598213e-10	-2.53606417644e-07
6.24336144196e-10	-2.60438572042e-07
6.30517690178e-10	-2.64167658415e-07
6.3669923616e-10	-2.64484217638e-07
6.42880782142e-10	-2.60465832014e-07
6.49062328124e-10	-2.56174434554e-07
6.55243874106e-10	-2.52186220351e-07
6.61425420088e-10	-2.47753479954e-07
6.6760696607e-10	-2.47991142288e-07
6.73788512053e-10	-2.52665980582e-07
6.79970058035e-10	-2.5497283751e-07
6.86151604017e-10	-2.60768926452e-07
6.92333149999e-10	-2.68387093882e-07
6.98514695981e-10	-2.74058328031e-07
7.04696241963e-10	-2.73837825304e-07
7.10877787945e-10	-2.6952722898e-07
7.17059333928e-10	-2.6089992744e-07
7.2324087991e-10	-2.53173173093e-07
7.29422425892e-10	-2.39509635236e-07
7.35603971874e-10	-2.26473941822e-07
7.41785517856e-10	-2.23240409269e-07
7.47967063838e-10	-2.29098507276e-07
7.5414860982e-10	-2.45407340671e-07
7.60330155802e-10	-2.59996149055e-07
7.66511701785e-10	-2.74750847851e-07
7.72693247767e-10	-2.79332823538e-07
7.78874793749e-10	-2.76043120806e-07
7.85056339731e-10	-2.65230603702e-07
7.91237885713e-10	-2.5361767797e-07
7.97419431695e-10	-2.50268893609e-07
8.03600977677e-10	-2.51835224674e-07
8.0978252366e-10	-2.5467529241e-07
8.15964069642e-10	-2.59119868673e-07
8.22145615624e-10	-2.57566242112e-07
8.28327161606e-10	-2.53766010871e-07
8.34508707588e-10	-2.45790609199e-07
8.4069025357e-10	-2.42324208699e-07
8.46871799552e-10	-2.46763713463e-07
8.53053345534e-10	-2.52462839967e-07
8.59234891517e-10	-2.58315631996e-07
8.65416437499e-10	-2.61415046054e-07
8.71597983481e-10	-2.60969128973e-07
8.77779529463e-10	-2.59464133734e-07
8.83961075445e-10	-2.57156104411e-07
8.90142621427e-10	-2.5551852012e-07
8.96324167409e-10	-2.53668014594e-07
