% time-domain voltage integration by openEMS v0.0.36 @Sat Dec  9 18:58:01 2023
% start-coordinates: (0.01185,0,-0) m -> [187,49,9]
% stop-coordinates: (0.01185,0,-0.00033626) m -> [187,49,0]
% t/s	voltage
0	0
6.18154598213e-12	0
1.23630919643e-11	0
1.85446379464e-11	0
2.47261839285e-11	0
3.09077299107e-11	0
3.70892758928e-11	0
4.32708218749e-11	0
4.94523678571e-11	0
5.56339138392e-11	0
6.18154598213e-11	0
6.79970058035e-11	0
7.41785517856e-11	-9.35522655436e-31
8.03600977677e-11	-2.63173361761e-23
8.65416437499e-11	-1.49165200171e-17
9.2723189732e-11	-1.79129961867e-13
9.89047357141e-11	-3.28455227426e-11
1.05086281696e-10	5.72431902227e-11
1.11267827678e-10	-1.15137091701e-10
1.17449373661e-10	-2.97244603931e-10
1.23630919643e-10	4.64116582622e-11
1.29812465625e-10	2.20253171604e-10
1.35994011607e-10	4.7809843931e-10
1.42175557589e-10	1.80829132224e-09
1.48357103571e-10	3.41562275685e-09
1.54538649553e-10	3.35863317713e-09
1.60720195535e-10	-1.69164886266e-09
1.66901741518e-10	-2.02882564082e-08
1.730832875e-10	-6.97230255753e-08
1.79264833482e-10	-1.4838700757e-07
1.85446379464e-10	-6.89814552146e-08
1.91627925446e-10	8.40770063348e-07
1.97809471428e-10	3.29969066115e-06
2.0399101741e-10	8.00949146651e-06
2.10172563393e-10	1.64584089362e-05
2.16354109375e-10	2.82293185592e-05
2.22535655357e-10	4.07882084801e-05
2.28717201339e-10	4.69636006528e-05
2.34898747321e-10	3.34578614911e-05
2.41080293303e-10	-1.7751292944e-05
2.47261839285e-10	-0.000124217935081
2.53443385267e-10	-0.000293210257951
2.5962493125e-10	-0.000509337216499
2.65806477232e-10	-0.000725195430277
2.71988023214e-10	-0.000862621243868
2.78169569196e-10	-0.000830285593111
2.84351115178e-10	-0.00055676412012
2.9053266116e-10	-2.88735861886e-05
2.96714207142e-10	0.000682416408381
3.02895753125e-10	0.00142552542093
3.09077299107e-10	0.00200772502285
3.15258845089e-10	0.00225972419139
3.21440391071e-10	0.00209949591954
3.27621937053e-10	0.00156640642672
3.33803483035e-10	0.00080869771773
3.39985029017e-10	2.90507696263e-05
3.46166574999e-10	-0.00058738305961
3.52348120982e-10	-0.000931155416765
3.58529666964e-10	-0.0009906668638
3.64711212946e-10	-0.00083500333858
3.70892758928e-10	-0.000571938529902
3.7707430491e-10	-0.000303267381241
3.83255850892e-10	-9.53855824264e-05
3.89437396874e-10	2.82899447939e-05
3.95618942857e-10	7.75407906985e-05
4.01800488839e-10	7.81938060754e-05
4.07982034821e-10	5.68636587559e-05
4.14163580803e-10	3.23680083056e-05
4.20345126785e-10	1.39040070053e-05
4.26526672767e-10	3.40432305279e-06
4.32708218749e-10	-9.16275538998e-07
4.38889764731e-10	-1.75877843844e-06
4.45071310714e-10	-1.2457961418e-06
4.51252856696e-10	-5.51804433258e-07
4.57434402678e-10	-1.12313915501e-07
4.6361594866e-10	2.94384303601e-08
4.69797494642e-10	-3.51946698451e-08
4.75979040624e-10	-1.85512423201e-07
4.82160586606e-10	-2.53697074015e-07
4.88342132589e-10	-2.36210004445e-07
4.94523678571e-10	-2.63737691242e-07
5.00705224553e-10	-2.4026637746e-07
5.06886770535e-10	-2.3776546243e-07
5.13068316517e-10	-2.45255405318e-07
5.19249862499e-10	-2.4208689986e-07
5.25431408481e-10	-2.39598840324e-07
5.31612954463e-10	-2.43874737293e-07
5.37794500446e-10	-2.49408987685e-07
5.43976046428e-10	-2.50986824213e-07
5.5015759241e-10	-2.54727225979e-07
5.56339138392e-10	-2.59165096494e-07
5.62520684374e-10	-2.63776176013e-07
5.68702230356e-10	-2.66664043735e-07
5.74883776338e-10	-2.66768999779e-07
5.81065322321e-10	-2.62722730682e-07
5.87246868303e-10	-2.52315489391e-07
5.93428414285e-10	-2.42834168773e-07
5.99609960267e-10	-2.40621025327e-07
6.05791506249e-10	-2.41170988957e-07
6.11973052231e-10	-2.444799172e-07
6.18154598213e-10	-2.50416004377e-07
6.24336144196e-10	-2.60178953937e-07
6.30517690178e-10	-2.67133659193e-07
6.3669923616e-10	-2.7084171883e-07
6.42880782142e-10	-2.68827131222e-07
6.49062328124e-10	-2.62694145547e-07
6.55243874106e-10	-2.53333576339e-07
6.61425420088e-10	-2.46207390475e-07
6.6760696607e-10	-2.44701270802e-07
6.73788512053e-10	-2.46828109951e-07
6.79970058035e-10	-2.51475396951e-07
6.86151604017e-10	-2.59350192877e-07
6.92333149999e-10	-2.67524043807e-07
6.98514695981e-10	-2.71695672183e-07
7.04696241963e-10	-2.67362816331e-07
7.10877787945e-10	-2.62048571287e-07
7.17059333928e-10	-2.58166338085e-07
7.2324087991e-10	-2.51211982771e-07
7.29422425892e-10	-2.41513374633e-07
7.35603971874e-10	-2.28855995488e-07
7.41785517856e-10	-2.2645675557e-07
7.47967063838e-10	-2.31018672636e-07
7.5414860982e-10	-2.47290749655e-07
7.60330155802e-10	-2.60712385014e-07
7.66511701785e-10	-2.73957347474e-07
7.72693247767e-10	-2.78274267629e-07
7.78874793749e-10	-2.73521372662e-07
7.85056339731e-10	-2.67640793084e-07
7.91237885713e-10	-2.61046977812e-07
7.97419431695e-10	-2.60884824854e-07
8.03600977677e-10	-2.63517256016e-07
8.0978252366e-10	-2.64539579575e-07
8.15964069642e-10	-2.61081630981e-07
8.22145615624e-10	-2.51266916607e-07
8.28327161606e-10	-2.39595550511e-07
8.34508707588e-10	-2.30667568601e-07
8.4069025357e-10	-2.30611435725e-07
8.46871799552e-10	-2.43852115389e-07
8.53053345534e-10	-2.55379886127e-07
8.59234891517e-10	-2.65408006683e-07
8.65416437499e-10	-2.68561274552e-07
8.71597983481e-10	-2.6542858933e-07
8.77779529463e-10	-2.60650015349e-07
8.83961075445e-10	-2.54523689236e-07
8.90142621427e-10	-2.49026912869e-07
8.96324167409e-10	-2.45124898157e-07
