% time-domain voltage integration by openEMS v0.0.36 @Sat Dec  9 18:58:01 2023
% start-coordinates: (-0.01175,0,-0) m -> [28,49,9]
% stop-coordinates: (-0.01175,0,-0.00033626) m -> [28,49,0]
% t/s	voltage
0	0
6.18154598213e-12	4.65681636417e-25
1.23630919643e-11	-3.50820589319e-14
1.85446379464e-11	-8.88112659803e-10
2.47261839285e-11	-3.66592245449e-08
3.09077299107e-11	-3.57722850453e-07
3.70892758928e-11	-5.47073941704e-07
4.32708218749e-11	-4.40197197804e-07
4.94523678571e-11	7.03762701448e-07
5.56339138392e-11	3.89916118593e-06
6.18154598213e-11	1.06979499606e-05
6.79970058035e-11	2.24073614845e-05
7.41785517856e-11	3.8566944113e-05
8.03600977677e-11	5.46331284568e-05
8.65416437499e-11	5.96200793552e-05
9.2723189732e-11	3.53400541826e-05
9.89047357141e-11	-4.03751041631e-05
1.05086281696e-10	-0.000184825299584
1.11267827678e-10	-0.000396920102503
1.17449373661e-10	-0.000643648483674
1.23630919643e-10	-0.000854711812281
1.29812465625e-10	-0.000933450253797
1.35994011607e-10	-0.00078674312681
1.42175557589e-10	-0.000366539992683
1.48357103571e-10	0.00029406381509
1.54538649553e-10	0.00107029210631
1.60720195535e-10	0.00177287097904
1.66901741518e-10	0.00220801295654
1.730832875e-10	0.00224751792848
1.79264833482e-10	0.00187820004066
1.85446379464e-10	0.00120743959269
1.91627925446e-10	0.000422247798269
1.97809471428e-10	-0.000279371317447
2.0399101741e-10	-0.000753957130655
2.10172563393e-10	-0.000948859997152
2.16354109375e-10	-0.000899371538253
2.22535655357e-10	-0.00069579671981
2.28717201339e-10	-0.000440106599854
2.34898747321e-10	-0.000211481994484
2.41080293303e-10	-5.09282249368e-05
2.47261839285e-10	3.59320811185e-05
2.53443385267e-10	6.54887835481e-05
2.5962493125e-10	6.13161478213e-05
2.65806477232e-10	4.37378794231e-05
2.71988023214e-10	2.55056720562e-05
2.78169569196e-10	1.21221314657e-05
2.84351115178e-10	4.33927348809e-06
2.9053266116e-10	7.38901128727e-07
2.96714207142e-10	-4.47968638184e-07
3.02895753125e-10	-5.58090519576e-07
3.09077299107e-10	-3.37898608649e-07
3.15258845089e-10	-1.32536281505e-07
3.21440391071e-10	-1.11109559775e-07
3.27621937053e-10	-1.14106851967e-07
3.33803483035e-10	-1.12767746252e-07
3.39985029017e-10	-1.02395527612e-07
3.46166574999e-10	-9.01244927576e-08
3.52348120982e-10	-9.41965048185e-08
3.58529666964e-10	-1.08986664138e-07
3.64711212946e-10	-1.25138252649e-07
3.70892758928e-10	-1.25811479457e-07
3.7707430491e-10	-1.0566590003e-07
3.83255850892e-10	-6.65076567152e-08
3.89437396874e-10	9.90501397569e-09
3.95618942857e-10	8.8237687379e-08
4.01800488839e-10	1.130287135e-07
4.07982034821e-10	6.51667222407e-08
4.14163580803e-10	-1.14950071683e-07
4.20345126785e-10	-4.24314112735e-07
4.26526672767e-10	-7.73206771498e-07
4.32708218749e-10	-1.02396759871e-06
4.38889764731e-10	-1.02215803111e-06
4.45071310714e-10	-7.13150868137e-07
4.51252856696e-10	-1.61138650867e-07
4.57434402678e-10	3.90925965377e-07
4.6361594866e-10	6.59952654303e-07
4.69797494642e-10	4.21010060592e-07
4.75979040624e-10	-2.97742353439e-07
4.82160586606e-10	-1.16979818188e-06
4.88342132589e-10	-1.70752045392e-06
4.94523678571e-10	-1.46146904001e-06
5.00705224553e-10	-2.7189658347e-07
5.06886770535e-10	1.5763263832e-06
5.13068316517e-10	3.46391618677e-06
5.19249862499e-10	4.69025411576e-06
5.25431408481e-10	4.76995114695e-06
5.31612954463e-10	3.63434742212e-06
5.37794500446e-10	1.66182104522e-06
5.43976046428e-10	-5.1807869994e-07
5.5015759241e-10	-2.28343182584e-06
5.56339138392e-10	-3.24367078974e-06
5.62520684374e-10	-3.32887935883e-06
5.68702230356e-10	-2.75898639757e-06
5.74883776338e-10	-1.88615852892e-06
5.81065322321e-10	-1.03383888472e-06
5.87246868303e-10	-4.08065815805e-07
5.93428414285e-10	-6.50689320203e-08
5.99609960267e-10	4.42602972051e-08
6.05791506249e-10	1.12427168686e-08
6.11973052231e-10	-7.75874591241e-08
6.18154598213e-10	-1.61268355114e-07
6.24336144196e-10	-2.20266192841e-07
6.30517690178e-10	-2.58963394728e-07
6.3669923616e-10	-2.8099853111e-07
6.42880782142e-10	-2.84145656337e-07
6.49062328124e-10	-2.80651743623e-07
6.55243874106e-10	-2.77178228814e-07
6.61425420088e-10	-2.71469232871e-07
6.6760696607e-10	-2.64180400222e-07
6.73788512053e-10	-2.60003625741e-07
6.79970058035e-10	-2.60304352295e-07
6.86151604017e-10	-2.59960211579e-07
6.92333149999e-10	-2.65030251967e-07
6.98514695981e-10	-2.68894988054e-07
7.04696241963e-10	-2.70579757711e-07
7.10877787945e-10	-2.72906888199e-07
7.17059333928e-10	-2.71407023078e-07
7.2324087991e-10	-2.65930474086e-07
7.29422425892e-10	-2.60503870919e-07
7.35603971874e-10	-2.5529843839e-07
7.41785517856e-10	-2.56506266894e-07
7.47967063838e-10	-2.64522892479e-07
7.5414860982e-10	-2.69851454959e-07
7.60330155802e-10	-2.71114931394e-07
7.66511701785e-10	-2.66063157284e-07
7.72693247767e-10	-2.57321202568e-07
7.78874793749e-10	-2.51299391962e-07
7.85056339731e-10	-2.52448012716e-07
7.91237885713e-10	-2.60978548994e-07
7.97419431695e-10	-2.6989672719e-07
8.03600977677e-10	-2.79820326909e-07
8.0978252366e-10	-2.86721164144e-07
8.15964069642e-10	-2.80634299799e-07
8.22145615624e-10	-2.68323550046e-07
8.28327161606e-10	-2.55221772605e-07
8.34508707588e-10	-2.47506706685e-07
8.4069025357e-10	-2.4610744731e-07
8.46871799552e-10	-2.5284317573e-07
8.53053345534e-10	-2.61879227637e-07
8.59234891517e-10	-2.67043917646e-07
8.65416437499e-10	-2.69413137133e-07
8.71597983481e-10	-2.69204464942e-07
8.77779529463e-10	-2.62588379485e-07
8.83961075445e-10	-2.5809674753e-07
8.90142621427e-10	-2.5913735513e-07
8.96324167409e-10	-2.62931722617e-07
