% time-domain voltage integration by openEMS v0.0.36 @Sat Dec  9 18:58:01 2023
% start-coordinates: (-0.01185,0,-0) m -> [27,49,9]
% stop-coordinates: (-0.01185,0,-0.00033626) m -> [27,49,0]
% t/s	voltage
0	0
6.18154598213e-12	2.35079319424e-24
1.23630919643e-11	-8.55708978678e-14
1.85446379464e-11	-1.29492443851e-09
2.47261839285e-11	-4.74809036533e-08
3.09077299107e-11	-4.1300346254e-07
3.70892758928e-11	-5.20383540703e-07
4.32708218749e-11	-3.94116717928e-07
4.94523678571e-11	8.77259985543e-07
5.56339138392e-11	4.37255096131e-06
6.18154598213e-11	1.16337436111e-05
6.79970058035e-11	2.38663803884e-05
7.41785517856e-11	4.0318695028e-05
8.03600977677e-11	5.59056506972e-05
8.65416437499e-11	5.89103251514e-05
9.2723189732e-11	3.05098994886e-05
9.89047357141e-11	-5.14704088346e-05
1.05086281696e-10	-0.000203157660508
1.11267827678e-10	-0.000420827935159
1.17449373661e-10	-0.000667778658681
1.23630919643e-10	-0.000870264128025
1.29812465625e-10	-0.000930335037992
1.35994011607e-10	-0.000757425259508
1.42175557589e-10	-0.000310218376399
1.48357103571e-10	0.000368943517969
1.54538649553e-10	0.00114696714445
1.60720195535e-10	0.00183104105236
1.66901741518e-10	0.00223087037739
1.730832875e-10	0.00222811315325
1.79264833482e-10	0.0018221889768
1.85446379464e-10	0.00113093161053
1.91627925446e-10	0.000345713655406
1.97809471428e-10	-0.000338305231708
2.0399101741e-10	-0.000785752563388
2.10172563393e-10	-0.000953498325543
2.16354109375e-10	-0.000884133041836
2.22535655357e-10	-0.000671034387778
2.28717201339e-10	-0.000415144313592
2.34898747321e-10	-0.000192175584743
2.41080293303e-10	-3.92205847675e-05
2.47261839285e-10	4.09752792621e-05
2.53443385267e-10	6.61334302094e-05
2.5962493125e-10	5.98520787207e-05
2.65806477232e-10	4.17960686718e-05
2.71988023214e-10	2.39218920797e-05
2.78169569196e-10	1.11264204179e-05
2.84351115178e-10	3.83895903155e-06
2.9053266116e-10	5.53513764601e-07
2.96714207142e-10	-4.83412964769e-07
3.02895753125e-10	-5.41877348326e-07
3.09077299107e-10	-3.15544536278e-07
3.15258845089e-10	-1.2285897899e-07
3.21440391071e-10	-1.22895322363e-07
3.27621937053e-10	-1.15353648411e-07
3.33803483035e-10	-1.14436665477e-07
3.39985029017e-10	-1.06515150478e-07
3.46166574999e-10	-9.34833011002e-08
3.52348120982e-10	-9.48985467986e-08
3.58529666964e-10	-1.06619978624e-07
3.64711212946e-10	-1.20533020898e-07
3.70892758928e-10	-1.19535050302e-07
3.7707430491e-10	-1.04206153928e-07
3.83255850892e-10	-7.0235636862e-08
3.89437396874e-10	3.56604062945e-09
3.95618942857e-10	7.67573791194e-08
4.01800488839e-10	1.07992459419e-07
4.07982034821e-10	7.30438607377e-08
4.14163580803e-10	-9.64707682627e-08
4.20345126785e-10	-3.9737500046e-07
4.26526672767e-10	-7.43770918632e-07
4.32708218749e-10	-1.00389208058e-06
4.38889764731e-10	-1.02993803353e-06
4.45071310714e-10	-7.52487473221e-07
4.51252856696e-10	-2.20847910626e-07
4.57434402678e-10	3.41526828151e-07
4.6361594866e-10	6.47627871331e-07
4.69797494642e-10	4.60779631339e-07
4.75979040624e-10	-2.14299914703e-07
4.82160586606e-10	-1.08521694386e-06
4.88342132589e-10	-1.67565085007e-06
4.94523678571e-10	-1.51655679304e-06
5.00705224553e-10	-4.14272484761e-07
5.06886770535e-10	1.39005771871e-06
5.13068316517e-10	3.30123475578e-06
5.19249862499e-10	4.61500479787e-06
5.25431408481e-10	4.81457220758e-06
5.31612954463e-10	3.78787760269e-06
5.37794500446e-10	1.86854794038e-06
5.43976046428e-10	-3.28733154475e-07
5.5015759241e-10	-2.15831383343e-06
5.56339138392e-10	-3.20093133155e-06
5.62520684374e-10	-3.35865581746e-06
5.68702230356e-10	-2.83320602534e-06
5.74883776338e-10	-1.96933341101e-06
5.81065322321e-10	-1.10382078589e-06
5.87246868303e-10	-4.56326226583e-07
5.93428414285e-10	-9.0410706477e-08
5.99609960267e-10	4.00621074093e-08
6.05791506249e-10	2.25512339913e-08
6.11973052231e-10	-5.58261077366e-08
6.18154598213e-10	-1.36217182423e-07
6.24336144196e-10	-1.99140547608e-07
6.30517690178e-10	-2.50157842885e-07
6.3669923616e-10	-2.83873415441e-07
6.42880782142e-10	-2.97668318439e-07
6.49062328124e-10	-2.99850562158e-07
6.55243874106e-10	-2.91192296942e-07
6.61425420088e-10	-2.75638100788e-07
6.6760696607e-10	-2.59649922896e-07
6.73788512053e-10	-2.507411061e-07
6.79970058035e-10	-2.4996543857e-07
6.86151604017e-10	-2.54960395907e-07
6.92333149999e-10	-2.6454247859e-07
6.98514695981e-10	-2.71428534759e-07
7.04696241963e-10	-2.76007183331e-07
7.10877787945e-10	-2.79415981908e-07
7.17059333928e-10	-2.78093899908e-07
7.2324087991e-10	-2.74509218912e-07
7.29422425892e-10	-2.7009468262e-07
7.35603971874e-10	-2.63526398925e-07
7.41785517856e-10	-2.59481238274e-07
7.47967063838e-10	-2.59458168728e-07
7.5414860982e-10	-2.58273404441e-07
7.60330155802e-10	-2.56931000919e-07
7.66511701785e-10	-2.51619695746e-07
7.72693247767e-10	-2.49568435251e-07
7.78874793749e-10	-2.50948385627e-07
7.85056339731e-10	-2.57007943816e-07
7.91237885713e-10	-2.65095573937e-07
7.97419431695e-10	-2.71664440277e-07
8.03600977677e-10	-2.78879735305e-07
8.0978252366e-10	-2.82568766607e-07
8.15964069642e-10	-2.76648934872e-07
8.22145615624e-10	-2.67168097423e-07
8.28327161606e-10	-2.59301856431e-07
8.34508707588e-10	-2.5582411034e-07
8.4069025357e-10	-2.57301818962e-07
8.46871799552e-10	-2.63859925909e-07
8.53053345534e-10	-2.67323541081e-07
8.59234891517e-10	-2.67080897842e-07
8.65416437499e-10	-2.67873289772e-07
8.71597983481e-10	-2.6552558019e-07
8.77779529463e-10	-2.58582913304e-07
8.83961075445e-10	-2.54967094548e-07
8.90142621427e-10	-2.56168199542e-07
8.96324167409e-10	-2.5751108268e-07
