0	-0.000116577
8.7064e-14	-0.000117626
1.74128e-13	-0.000118679
2.61192e-13	-0.000119737
3.48256e-13	-0.000120799
4.3532e-13	-0.000121866
5.22384e-13	-0.000122937
6.09448e-13	-0.000124013
6.96512e-13	-0.000125093
7.83576e-13	-0.000126177
8.7064e-13	-0.000127265
9.57704e-13	-0.000128357
1.04477e-12	-0.000129453
1.13183e-12	-0.000130552
1.2189e-12	-0.000131656
1.30596e-12	-0.000132763
1.39302e-12	-0.000133874
1.48009e-12	-0.000134988
1.56715e-12	-0.000136106
1.65422e-12	-0.000137227
1.74128e-12	-0.000138351
1.82834e-12	-0.000139478
1.91541e-12	-0.000140609
2.00247e-12	-0.000141742
2.08954e-12	-0.000142878
2.1766e-12	-0.000144017
2.26366e-12	-0.000145158
2.35073e-12	-0.000146302
2.43779e-12	-0.000147449
2.52486e-12	-0.000148597
2.61192e-12	-0.000149748
2.69898e-12	-0.0001509
2.78605e-12	-0.000152055
2.87311e-12	-0.000153211
2.96018e-12	-0.000154369
3.04724e-12	-0.000155528
3.13431e-12	-0.000156689
3.22137e-12	-0.00015785
3.30843e-12	-0.000159013
3.3955e-12	-0.000160177
3.48256e-12	-0.000161342
3.56963e-12	-0.000162507
3.65669e-12	-0.000163672
3.74375e-12	-0.000164838
3.83082e-12	-0.000166004
3.91788e-12	-0.00016717
4.00495e-12	-0.000168336
4.09201e-12	-0.000169501
4.17907e-12	-0.000170666
4.26614e-12	-0.00017183
4.3532e-12	-0.000172994
4.44027e-12	-0.000174156
4.52733e-12	-0.000175316
4.61439e-12	-0.000176476
4.70146e-12	-0.000177633
4.78852e-12	-0.000178789
4.87559e-12	-0.000179943
4.96265e-12	-0.000181094
5.04971e-12	-0.000182243
5.13678e-12	-0.000183389
5.22384e-12	-0.000184533
5.31091e-12	-0.000185673
5.39797e-12	-0.00018681
5.48503e-12	-0.000187943
5.5721e-12	-0.000189072
5.65916e-12	-0.000190197
5.74623e-12	-0.000191318
5.83329e-12	-0.000192435
5.92035e-12	-0.000193546
6.00742e-12	-0.000194653
6.09448e-12	-0.000195754
6.18155e-12	-0.00019685
6.26861e-12	-0.000197939
6.35567e-12	-0.000199023
6.44274e-12	-0.0002001
6.5298e-12	-0.000201171
6.61687e-12	-0.000202234
6.70393e-12	-0.000203291
6.79099e-12	-0.00020434
6.87806e-12	-0.000205381
6.96512e-12	-0.000206414
7.05219e-12	-0.000207438
7.13925e-12	-0.000208454
7.22631e-12	-0.000209461
7.31338e-12	-0.000210458
7.40044e-12	-0.000211446
7.48751e-12	-0.000212423
7.57457e-12	-0.00021339
7.66163e-12	-0.000214347
7.7487e-12	-0.000215292
7.83576e-12	-0.000216226
7.92283e-12	-0.000217149
8.00989e-12	-0.000218059
8.09695e-12	-0.000218956
8.18402e-12	-0.000219841
8.27108e-12	-0.000220713
8.35815e-12	-0.000221571
8.44521e-12	-0.000222415
8.53227e-12	-0.000223244
8.61934e-12	-0.000224059
8.7064e-12	-0.000224858
8.79347e-12	-0.000225642
8.88053e-12	-0.00022641
8.96759e-12	-0.000227162
9.05466e-12	-0.000227897
9.14172e-12	-0.000228614
9.22879e-12	-0.000229314
9.31585e-12	-0.000229995
9.40292e-12	-0.000230658
9.48998e-12	-0.000231302
9.57704e-12	-0.000231926
9.66411e-12	-0.00023253
9.75117e-12	-0.000233114
9.83824e-12	-0.000233677
9.9253e-12	-0.000234218
1.00124e-11	-0.000234737
1.00994e-11	-0.000235234
1.01865e-11	-0.000235709
1.02736e-11	-0.000236159
1.03606e-11	-0.000236586
1.04477e-11	-0.000236988
1.05347e-11	-0.000237365
1.06218e-11	-0.000237717
1.07089e-11	-0.000238042
1.07959e-11	-0.000238341
1.0883e-11	-0.000238613
1.09701e-11	-0.000238857
1.10571e-11	-0.000239073
1.11442e-11	-0.000239259
1.12313e-11	-0.000239417
1.13183e-11	-0.000239544
1.14054e-11	-0.00023964
1.14925e-11	-0.000239706
1.15795e-11	-0.000239739
1.16666e-11	-0.00023974
1.17536e-11	-0.000239708
1.18407e-11	-0.000239642
1.19278e-11	-0.000239541
1.20148e-11	-0.000239406
1.21019e-11	-0.000239234
1.2189e-11	-0.000239027
1.2276e-11	-0.000238782
1.23631e-11	-0.0002385
1.24502e-11	-0.000238179
1.25372e-11	-0.000237819
1.26243e-11	-0.00023742
1.27113e-11	-0.00023698
1.27984e-11	-0.000236498
1.28855e-11	-0.000235975
1.29725e-11	-0.000235409
1.30596e-11	-0.0002348
1.31467e-11	-0.000234147
1.32337e-11	-0.000233448
1.33208e-11	-0.000232704
1.34079e-11	-0.000231914
1.34949e-11	-0.000231076
1.3582e-11	-0.000230191
1.36691e-11	-0.000229256
1.37561e-11	-0.000228272
1.38432e-11	-0.000227238
1.39302e-11	-0.000226152
1.40173e-11	-0.000225014
1.41044e-11	-0.000223824
1.41914e-11	-0.00022258
1.42785e-11	-0.000221281
1.43656e-11	-0.000219926
1.44526e-11	-0.000218516
1.45397e-11	-0.000217048
1.46268e-11	-0.000215522
1.47138e-11	-0.000213937
1.48009e-11	-0.000212293
1.48879e-11	-0.000210587
1.4975e-11	-0.00020882
1.50621e-11	-0.00020699
1.51491e-11	-0.000205097
1.52362e-11	-0.000203139
1.53233e-11	-0.000201115
1.54103e-11	-0.000199025
1.54974e-11	-0.000196868
1.55845e-11	-0.000194642
1.56715e-11	-0.000192347
1.57586e-11	-0.000189982
1.58457e-11	-0.000187545
1.59327e-11	-0.000185036
1.60198e-11	-0.000182453
1.61068e-11	-0.000179796
1.61939e-11	-0.000177063
1.6281e-11	-0.000174254
1.6368e-11	-0.000171367
1.64551e-11	-0.000168401
1.65422e-11	-0.000165356
1.66292e-11	-0.000162229
1.67163e-11	-0.000159021
1.68034e-11	-0.000155729
1.68904e-11	-0.000152354
1.69775e-11	-0.000148892
1.70645e-11	-0.000145345
1.71516e-11	-0.000141709
1.72387e-11	-0.000137985
1.73257e-11	-0.000134171
1.74128e-11	-0.000130266
1.74999e-11	-0.000126268
1.75869e-11	-0.000122177
1.7674e-11	-0.000117991
1.77611e-11	-0.000113709
1.78481e-11	-0.00010933
1.79352e-11	-0.000104853
1.80223e-11	-0.000100276
1.81093e-11	-9.55978e-05
1.81964e-11	-9.08176e-05
1.82834e-11	-8.59339e-05
1.83705e-11	-8.09454e-05
1.84576e-11	-7.5851e-05
1.85446e-11	-7.06491e-05
1.86317e-11	-6.53387e-05
1.87188e-11	-5.99183e-05
1.88058e-11	-5.43865e-05
1.88929e-11	-4.87422e-05
1.898e-11	-4.29838e-05
1.9067e-11	-3.71101e-05
1.91541e-11	-3.11197e-05
1.92412e-11	-2.50112e-05
1.93282e-11	-1.87832e-05
1.94153e-11	-1.24343e-05
1.95023e-11	-5.96306e-06
1.95894e-11	6.31846e-07
1.96765e-11	7.3519e-06
1.97635e-11	1.41985e-05
1.98506e-11	2.11732e-05
1.99377e-11	2.82773e-05
2.00247e-11	3.55124e-05
2.01118e-11	4.28799e-05
2.01989e-11	5.03813e-05
2.02859e-11	5.80181e-05
2.0373e-11	6.57918e-05
2.046e-11	7.3704e-05
2.05471e-11	8.17561e-05
2.06342e-11	8.99496e-05
2.07212e-11	9.82862e-05
2.08083e-11	0.000106767
2.08954e-11	0.000115395
2.09824e-11	0.00012417
2.10695e-11	0.000133094
2.11566e-11	0.000142169
2.12436e-11	0.000151397
2.13307e-11	0.000160778
2.14178e-11	0.000170316
2.15048e-11	0.00018001
2.15919e-11	0.000189864
2.16789e-11	0.000199878
2.1766e-11	0.000210055
2.18531e-11	0.000220395
2.19401e-11	0.000230901
2.20272e-11	0.000241574
2.21143e-11	0.000252416
2.22013e-11	0.000263429
2.22884e-11	0.000274614
2.23755e-11	0.000285973
2.24625e-11	0.000297508
2.25496e-11	0.000309221
2.26366e-11	0.000321113
2.27237e-11	0.000333186
2.28108e-11	0.000345441
2.28978e-11	0.000357881
2.29849e-11	0.000370508
2.3072e-11	0.000383322
2.3159e-11	0.000396326
2.32461e-11	0.000409522
2.33332e-11	0.000422912
2.34202e-11	0.000436497
2.35073e-11	0.000450278
2.35944e-11	0.000464259
2.36814e-11	0.000478441
2.37685e-11	0.000492825
2.38555e-11	0.000507414
2.39426e-11	0.000522209
2.40297e-11	0.000537212
2.41167e-11	0.000552425
2.42038e-11	0.00056785
2.42909e-11	0.000583489
2.43779e-11	0.000599344
2.4465e-11	0.000615417
2.45521e-11	0.000631709
2.46391e-11	0.000648222
2.47262e-11	0.000664959
2.48132e-11	0.000681921
2.49003e-11	0.00069911
2.49874e-11	0.000716529
2.50744e-11	0.000734178
2.51615e-11	0.000752061
2.52486e-11	0.000770179
2.53356e-11	0.000788534
2.54227e-11	0.000807127
2.55098e-11	0.000825962
2.55968e-11	0.000845039
2.56839e-11	0.000864362
2.5771e-11	0.000883931
2.5858e-11	0.000903749
2.59451e-11	0.000923818
2.60321e-11	0.00094414
2.61192e-11	0.000964717
2.62063e-11	0.00098555
2.62933e-11	0.00100664
2.63804e-11	0.001028
2.64675e-11	0.00104961
2.65545e-11	0.00107149
2.66416e-11	0.00109364
2.67287e-11	0.00111606
2.68157e-11	0.00113875
2.69028e-11	0.00116171
2.69898e-11	0.00118495
2.70769e-11	0.00120846
2.7164e-11	0.00123225
2.7251e-11	0.00125633
2.73381e-11	0.00128069
2.74252e-11	0.00130533
2.75122e-11	0.00133026
2.75993e-11	0.00135548
2.76864e-11	0.00138099
2.77734e-11	0.0014068
2.78605e-11	0.0014329
2.79476e-11	0.0014593
2.80346e-11	0.00148599
2.81217e-11	0.00151299
2.82087e-11	0.0015403
2.82958e-11	0.00156791
2.83829e-11	0.00159583
2.84699e-11	0.00162405
2.8557e-11	0.00165259
2.86441e-11	0.00168145
2.87311e-11	0.00171062
2.88182e-11	0.00174011
2.89053e-11	0.00176992
2.89923e-11	0.00180005
2.90794e-11	0.00183051
2.91664e-11	0.00186129
2.92535e-11	0.0018924
2.93406e-11	0.00192384
2.94276e-11	0.00195561
2.95147e-11	0.00198772
2.96018e-11	0.00202017
2.96888e-11	0.00205295
2.97759e-11	0.00208608
2.9863e-11	0.00211954
2.995e-11	0.00215336
3.00371e-11	0.00218751
3.01242e-11	0.00222202
3.02112e-11	0.00225688
3.02983e-11	0.00229209
3.03853e-11	0.00232765
3.04724e-11	0.00236358
3.05595e-11	0.00239986
3.06465e-11	0.0024365
3.07336e-11	0.0024735
3.08207e-11	0.00251087
3.09077e-11	0.0025486
3.09948e-11	0.0025867
3.10819e-11	0.00262518
3.11689e-11	0.00266402
3.1256e-11	0.00270324
3.13431e-11	0.00274283
3.14301e-11	0.00278281
3.15172e-11	0.00282316
3.16042e-11	0.00286389
3.16913e-11	0.00290501
3.17784e-11	0.00294651
3.18654e-11	0.00298839
3.19525e-11	0.00303067
3.20396e-11	0.00307334
3.21266e-11	0.0031164
3.22137e-11	0.00315985
3.23008e-11	0.0032037
3.23878e-11	0.00324795
3.24749e-11	0.00329259
3.25619e-11	0.00333764
3.2649e-11	0.00338309
3.27361e-11	0.00342894
3.28231e-11	0.0034752
3.29102e-11	0.00352187
3.29973e-11	0.00356895
3.30843e-11	0.00361643
3.31714e-11	0.00366434
3.32585e-11	0.00371265
3.33455e-11	0.00376138
3.34326e-11	0.00381052
3.35197e-11	0.00386009
3.36067e-11	0.00391007
3.36938e-11	0.00396048
3.37808e-11	0.00401131
3.38679e-11	0.00406256
3.3955e-11	0.00411424
3.4042e-11	0.00416635
3.41291e-11	0.00421889
3.42162e-11	0.00427185
3.43032e-11	0.00432525
3.43903e-11	0.00437908
3.44774e-11	0.00443334
3.45644e-11	0.00448804
3.46515e-11	0.00454317
3.47385e-11	0.00459875
3.48256e-11	0.00465476
3.49127e-11	0.00471121
3.49997e-11	0.0047681
3.50868e-11	0.00482543
3.51739e-11	0.0048832
3.52609e-11	0.00494142
3.5348e-11	0.00500009
3.54351e-11	0.0050592
3.55221e-11	0.00511876
3.56092e-11	0.00517876
3.56963e-11	0.00523922
3.57833e-11	0.00530012
3.58704e-11	0.00536147
3.59574e-11	0.00542328
3.60445e-11	0.00548554
3.61316e-11	0.00554825
3.62186e-11	0.00561141
3.63057e-11	0.00567503
3.63928e-11	0.0057391
3.64798e-11	0.00580362
3.65669e-11	0.0058686
3.6654e-11	0.00593404
3.6741e-11	0.00599994
3.68281e-11	0.00606629
3.69151e-11	0.0061331
3.70022e-11	0.00620036
3.70893e-11	0.00626809
3.71763e-11	0.00633627
3.72634e-11	0.00640491
3.73505e-11	0.00647401
3.74375e-11	0.00654357
3.75246e-11	0.00661359
3.76117e-11	0.00668406
3.76987e-11	0.006755
3.77858e-11	0.00682639
3.78729e-11	0.00689824
3.79599e-11	0.00697055
3.8047e-11	0.00704332
3.8134e-11	0.00711655
3.82211e-11	0.00719024
3.83082e-11	0.00726438
3.83952e-11	0.00733898
3.84823e-11	0.00741404
3.85694e-11	0.00748955
3.86564e-11	0.00756552
3.87435e-11	0.00764195
3.88306e-11	0.00771883
3.89176e-11	0.00779616
3.90047e-11	0.00787395
3.90917e-11	0.00795219
3.91788e-11	0.00803088
3.92659e-11	0.00811003
3.93529e-11	0.00818962
3.944e-11	0.00826966
3.95271e-11	0.00835015
3.96141e-11	0.00843108
3.97012e-11	0.00851246
3.97883e-11	0.00859429
3.98753e-11	0.00867656
3.99624e-11	0.00875927
4.00495e-11	0.00884242
4.01365e-11	0.00892601
4.02236e-11	0.00901003
4.03106e-11	0.00909449
4.03977e-11	0.00917939
4.04848e-11	0.00926472
4.05718e-11	0.00935048
4.06589e-11	0.00943666
4.0746e-11	0.00952328
4.0833e-11	0.00961031
4.09201e-11	0.00969778
4.10072e-11	0.00978566
4.10942e-11	0.00987396
4.11813e-11	0.00996267
4.12683e-11	0.0100518
4.13554e-11	0.0101413
4.14425e-11	0.0102313
4.15295e-11	0.0103216
4.16166e-11	0.0104124
4.17037e-11	0.0105036
4.17907e-11	0.0105951
4.18778e-11	0.0106871
4.19649e-11	0.0107794
4.20519e-11	0.0108722
4.2139e-11	0.0109653
4.22261e-11	0.0110588
4.23131e-11	0.0111527
4.24002e-11	0.0112469
4.24872e-11	0.0113416
4.25743e-11	0.0114366
4.26614e-11	0.011532
4.27484e-11	0.0116277
4.28355e-11	0.0117238
4.29226e-11	0.0118202
4.30096e-11	0.011917
4.30967e-11	0.0120142
4.31838e-11	0.0121117
4.32708e-11	0.0122095
4.33579e-11	0.0123077
4.34449e-11	0.0124062
4.3532e-11	0.012505
4.36191e-11	0.0126041
4.37061e-11	0.0127036
4.37932e-11	0.0128034
4.38803e-11	0.0129035
4.39673e-11	0.0130038
4.40544e-11	0.0131045
4.41415e-11	0.0132055
4.42285e-11	0.0133068
4.43156e-11	0.0134083
4.44027e-11	0.0135101
4.44897e-11	0.0136122
4.45768e-11	0.0137146
4.46638e-11	0.0138172
4.47509e-11	0.0139201
4.4838e-11	0.0140232
4.4925e-11	0.0141266
4.50121e-11	0.0142302
4.50992e-11	0.0143341
4.51862e-11	0.0144382
4.52733e-11	0.0145424
4.53604e-11	0.0146469
4.54474e-11	0.0147517
4.55345e-11	0.0148566
4.56216e-11	0.0149617
4.57086e-11	0.015067
4.57957e-11	0.0151724
4.58827e-11	0.0152781
4.59698e-11	0.0153839
4.60569e-11	0.0154898
4.61439e-11	0.015596
4.6231e-11	0.0157022
4.63181e-11	0.0158086
4.64051e-11	0.0159151
4.64922e-11	0.0160218
4.65793e-11	0.0161285
4.66663e-11	0.0162354
4.67534e-11	0.0163424
4.68404e-11	0.0164494
4.69275e-11	0.0165565
4.70146e-11	0.0166637
4.71016e-11	0.016771
4.71887e-11	0.0168783
4.72758e-11	0.0169857
4.73628e-11	0.0170931
4.74499e-11	0.0172005
4.7537e-11	0.017308
4.7624e-11	0.0174154
4.77111e-11	0.0175229
4.77982e-11	0.0176303
4.78852e-11	0.0177377
4.79723e-11	0.0178452
4.80593e-11	0.0179525
4.81464e-11	0.0180598
4.82335e-11	0.0181671
4.83205e-11	0.0182743
4.84076e-11	0.0183814
4.84947e-11	0.0184884
4.85817e-11	0.0185953
4.86688e-11	0.0187021
4.87559e-11	0.0188088
4.88429e-11	0.0189154
4.893e-11	0.0190218
4.9017e-11	0.0191281
4.91041e-11	0.0192342
4.91912e-11	0.0193401
4.92782e-11	0.0194458
4.93653e-11	0.0195513
4.94524e-11	0.0196567
4.95394e-11	0.0197618
4.96265e-11	0.0198666
4.97136e-11	0.0199712
4.98006e-11	0.0200756
4.98877e-11	0.0201797
4.99748e-11	0.0202835
5.00618e-11	0.0203869
5.01489e-11	0.0204901
5.02359e-11	0.020593
5.0323e-11	0.0206955
5.04101e-11	0.0207977
5.04971e-11	0.0208995
5.05842e-11	0.0210009
5.06713e-11	0.021102
5.07583e-11	0.0212026
5.08454e-11	0.0213028
5.09325e-11	0.0214026
5.10195e-11	0.021502
5.11066e-11	0.0216009
5.11936e-11	0.0216993
5.12807e-11	0.0217972
5.13678e-11	0.0218946
5.14548e-11	0.0219915
5.15419e-11	0.0220879
5.1629e-11	0.0221837
5.1716e-11	0.0222789
5.18031e-11	0.0223736
5.18902e-11	0.0224677
5.19772e-11	0.0225612
5.20643e-11	0.022654
5.21514e-11	0.0227462
5.22384e-11	0.0228377
5.23255e-11	0.0229286
5.24125e-11	0.0230188
5.24996e-11	0.0231082
5.25867e-11	0.023197
5.26737e-11	0.023285
5.27608e-11	0.0233722
5.28479e-11	0.0234587
5.29349e-11	0.0235444
5.3022e-11	0.0236293
5.31091e-11	0.0237133
5.31961e-11	0.0237965
5.32832e-11	0.0238789
5.33702e-11	0.0239604
5.34573e-11	0.0240409
5.35444e-11	0.0241206
5.36314e-11	0.0241993
5.37185e-11	0.0242771
5.38056e-11	0.0243539
5.38926e-11	0.0244297
5.39797e-11	0.0245045
5.40668e-11	0.0245783
5.41538e-11	0.0246511
5.42409e-11	0.0247227
5.4328e-11	0.0247933
5.4415e-11	0.0248628
5.45021e-11	0.0249312
5.45891e-11	0.0249984
5.46762e-11	0.0250645
5.47633e-11	0.0251294
5.48503e-11	0.0251931
5.49374e-11	0.0252555
5.50245e-11	0.0253168
5.51115e-11	0.0253767
5.51986e-11	0.0254354
5.52857e-11	0.0254928
5.53727e-11	0.0255488
5.54598e-11	0.0256036
5.55468e-11	0.0256569
5.56339e-11	0.0257089
5.5721e-11	0.0257594
5.5808e-11	0.0258085
5.58951e-11	0.0258562
5.59822e-11	0.0259024
5.60692e-11	0.0259471
5.61563e-11	0.0259903
5.62434e-11	0.0260319
5.63304e-11	0.026072
5.64175e-11	0.0261105
5.65046e-11	0.0261474
5.65916e-11	0.0261826
5.66787e-11	0.0262162
5.67657e-11	0.0262482
5.68528e-11	0.0262784
5.69399e-11	0.0263069
5.70269e-11	0.0263337
5.7114e-11	0.0263587
5.72011e-11	0.0263819
5.72881e-11	0.0264033
5.73752e-11	0.0264229
5.74623e-11	0.0264406
5.75493e-11	0.0264564
5.76364e-11	0.0264703
5.77235e-11	0.0264823
5.78105e-11	0.0264923
5.78976e-11	0.0265004
5.79846e-11	0.0265064
5.80717e-11	0.0265104
5.81588e-11	0.0265123
5.82458e-11	0.0265122
5.83329e-11	0.02651
5.842e-11	0.0265056
5.8507e-11	0.0264991
5.85941e-11	0.0264904
5.86812e-11	0.0264794
5.87682e-11	0.0264663
5.88553e-11	0.0264509
5.89423e-11	0.0264332
5.90294e-11	0.0264132
5.91165e-11	0.0263909
5.92035e-11	0.0263662
5.92906e-11	0.0263392
5.93777e-11	0.0263097
5.94647e-11	0.0262778
5.95518e-11	0.0262434
5.96389e-11	0.0262065
5.97259e-11	0.0261672
5.9813e-11	0.0261252
5.99001e-11	0.0260807
5.99871e-11	0.0260336
6.00742e-11	0.0259839
6.01612e-11	0.0259316
6.02483e-11	0.0258765
6.03354e-11	0.0258188
6.04224e-11	0.0257583
6.05095e-11	0.0256951
6.05966e-11	0.0256291
6.06836e-11	0.0255602
6.07707e-11	0.0254886
6.08578e-11	0.025414
6.09448e-11	0.0253366
6.10319e-11	0.0252563
6.11189e-11	0.025173
6.1206e-11	0.0250867
6.12931e-11	0.0249974
6.13801e-11	0.0249051
6.14672e-11	0.0248097
6.15543e-11	0.0247113
6.16413e-11	0.0246097
6.17284e-11	0.024505
6.18155e-11	0.0243971
6.19025e-11	0.024286
6.19896e-11	0.0241717
6.20767e-11	0.0240541
6.21637e-11	0.0239333
6.22508e-11	0.0238091
6.23378e-11	0.0236816
6.24249e-11	0.0235507
6.2512e-11	0.0234164
6.2599e-11	0.0232787
6.26861e-11	0.0231376
6.27732e-11	0.022993
6.28602e-11	0.0228448
6.29473e-11	0.0226931
6.30344e-11	0.0225379
6.31214e-11	0.022379
6.32085e-11	0.0222166
6.32955e-11	0.0220505
6.33826e-11	0.0218807
6.34697e-11	0.0217071
6.35567e-11	0.0215299
6.36438e-11	0.0213489
6.37309e-11	0.0211641
6.38179e-11	0.0209754
6.3905e-11	0.0207829
6.39921e-11	0.0205866
6.40791e-11	0.0203863
6.41662e-11	0.0201821
6.42533e-11	0.0199739
6.43403e-11	0.0197617
6.44274e-11	0.0195455
6.45144e-11	0.0193253
6.46015e-11	0.0191009
6.46886e-11	0.0188725
6.47756e-11	0.0186399
6.48627e-11	0.0184032
6.49498e-11	0.0181623
6.50368e-11	0.0179171
6.51239e-11	0.0176677
6.5211e-11	0.017414
6.5298e-11	0.0171561
6.53851e-11	0.0168937
6.54721e-11	0.0166271
6.55592e-11	0.016356
6.56463e-11	0.0160805
6.57333e-11	0.0158006
6.58204e-11	0.0155162
6.59075e-11	0.0152273
6.59945e-11	0.0149338
6.60816e-11	0.0146359
6.61687e-11	0.0143333
6.62557e-11	0.0140261
6.63428e-11	0.0137143
6.64299e-11	0.0133978
6.65169e-11	0.0130766
6.6604e-11	0.0127508
6.6691e-11	0.0124201
6.67781e-11	0.0120847
6.68652e-11	0.0117445
6.69522e-11	0.0113995
6.70393e-11	0.0110496
6.71264e-11	0.0106948
6.72134e-11	0.0103351
6.73005e-11	0.00997052
6.73876e-11	0.00960095
6.74746e-11	0.0092264
6.75617e-11	0.00884685
6.76487e-11	0.00846225
6.77358e-11	0.0080726
6.78229e-11	0.00767786
6.79099e-11	0.00727801
6.7997e-11	0.00687302
6.80841e-11	0.00646287
6.81711e-11	0.00604753
6.82582e-11	0.00562698
6.83453e-11	0.00520119
6.84323e-11	0.00477014
6.85194e-11	0.00433381
6.86065e-11	0.00389217
6.86935e-11	0.0034452
6.87806e-11	0.00299287
6.88676e-11	0.00253516
6.89547e-11	0.00207204
6.90418e-11	0.0016035
6.91288e-11	0.00112951
6.92159e-11	0.000650042
6.9303e-11	0.000165082
6.939e-11	-0.000325397
6.94771e-11	-0.000821416
6.95642e-11	-0.001323
6.96512e-11	-0.00183016
6.97383e-11	-0.00234293
6.98254e-11	-0.00286133
6.99124e-11	-0.00338538
6.99995e-11	-0.0039151
7.00865e-11	-0.00445051
7.01736e-11	-0.00499162
7.02607e-11	-0.00553847
7.03477e-11	-0.00609108
7.04348e-11	-0.00664945
7.05219e-11	-0.00721361
7.06089e-11	-0.00778358
7.0696e-11	-0.00835939
7.07831e-11	-0.00894104
7.08701e-11	-0.00952855
7.09572e-11	-0.010122
7.10442e-11	-0.0107213
7.11313e-11	-0.0113265
7.12184e-11	-0.0119377
7.13054e-11	-0.0125548
7.13925e-11	-0.0131779
7.14796e-11	-0.0138069
7.15666e-11	-0.014442
7.16537e-11	-0.0150831
7.17408e-11	-0.0157303
7.18278e-11	-0.0163835
7.19149e-11	-0.0170428
7.2002e-11	-0.0177081
7.2089e-11	-0.0183796
7.21761e-11	-0.0190571
7.22631e-11	-0.0197408
7.23502e-11	-0.0204306
7.24373e-11	-0.0211266
7.25243e-11	-0.0218288
7.26114e-11	-0.0225371
7.26985e-11	-0.0232516
7.27855e-11	-0.0239723
7.28726e-11	-0.0246993
7.29597e-11	-0.0254324
7.30467e-11	-0.0261718
7.31338e-11	-0.0269175
7.32208e-11	-0.0276694
7.33079e-11	-0.0284275
7.3395e-11	-0.029192
7.3482e-11	-0.0299627
7.35691e-11	-0.0307397
7.36562e-11	-0.0315231
7.37432e-11	-0.0323127
7.38303e-11	-0.0331087
7.39174e-11	-0.0339109
7.40044e-11	-0.0347196
7.40915e-11	-0.0355345
7.41786e-11	-0.0363558
7.42656e-11	-0.0371835
7.43527e-11	-0.0380175
7.44397e-11	-0.0388579
7.45268e-11	-0.0397046
7.46139e-11	-0.0405577
7.47009e-11	-0.0414172
7.4788e-11	-0.042283
7.48751e-11	-0.0431552
7.49621e-11	-0.0440338
7.50492e-11	-0.0449188
7.51363e-11	-0.0458102
7.52233e-11	-0.046708
7.53104e-11	-0.0476121
7.53974e-11	-0.0485226
7.54845e-11	-0.0494395
7.55716e-11	-0.0503628
7.56586e-11	-0.0512925
7.57457e-11	-0.0522286
7.58328e-11	-0.053171
7.59198e-11	-0.0541198
7.60069e-11	-0.055075
7.6094e-11	-0.0560365
7.6181e-11	-0.0570044
7.62681e-11	-0.0579787
7.63552e-11	-0.0589593
7.64422e-11	-0.0599463
7.65293e-11	-0.0609396
7.66163e-11	-0.0619393
7.67034e-11	-0.0629452
7.67905e-11	-0.0639575
7.68775e-11	-0.0649761
7.69646e-11	-0.066001
7.70517e-11	-0.0670322
7.71387e-11	-0.0680697
7.72258e-11	-0.0691135
7.73129e-11	-0.0701635
7.73999e-11	-0.0712197
7.7487e-11	-0.0722822
7.7574e-11	-0.073351
7.76611e-11	-0.0744259
7.77482e-11	-0.0755071
7.78352e-11	-0.0765944
7.79223e-11	-0.0776879
7.80094e-11	-0.0787875
7.80964e-11	-0.0798933
7.81835e-11	-0.0810053
7.82706e-11	-0.0821233
7.83576e-11	-0.0832474
7.84447e-11	-0.0843776
7.85318e-11	-0.0855138
7.86188e-11	-0.086656
7.87059e-11	-0.0878043
7.87929e-11	-0.0889586
7.888e-11	-0.0901188
7.89671e-11	-0.091285
7.90541e-11	-0.0924571
7.91412e-11	-0.0936351
7.92283e-11	-0.094819
7.93153e-11	-0.0960088
7.94024e-11	-0.0972044
7.94895e-11	-0.0984058
7.95765e-11	-0.0996129
7.96636e-11	-0.100826
7.97506e-11	-0.102045
7.98377e-11	-0.103269
7.99248e-11	-0.104499
8.00118e-11	-0.105735
8.00989e-11	-0.106976
8.0186e-11	-0.108223
8.0273e-11	-0.109475
8.03601e-11	-0.110733
8.04472e-11	-0.111997
8.05342e-11	-0.113265
8.06213e-11	-0.11454
8.07084e-11	-0.115819
8.07954e-11	-0.117104
8.08825e-11	-0.118395
8.09695e-11	-0.119691
8.10566e-11	-0.120991
8.11437e-11	-0.122298
8.12307e-11	-0.123609
8.13178e-11	-0.124925
8.14049e-11	-0.126247
8.14919e-11	-0.127573
8.1579e-11	-0.128905
8.16661e-11	-0.130241
8.17531e-11	-0.131583
8.18402e-11	-0.132929
8.19273e-11	-0.13428
8.20143e-11	-0.135636
8.21014e-11	-0.136997
8.21884e-11	-0.138363
8.22755e-11	-0.139733
8.23626e-11	-0.141108
8.24496e-11	-0.142487
8.25367e-11	-0.143871
8.26238e-11	-0.145259
8.27108e-11	-0.146652
8.27979e-11	-0.148049
8.2885e-11	-0.149451
8.2972e-11	-0.150856
8.30591e-11	-0.152266
8.31461e-11	-0.153681
8.32332e-11	-0.155099
8.33203e-11	-0.156521
8.34073e-11	-0.157948
8.34944e-11	-0.159378
8.35815e-11	-0.160812
8.36685e-11	-0.16225
8.37556e-11	-0.163692
8.38427e-11	-0.165137
8.39297e-11	-0.166587
8.40168e-11	-0.16804
8.41039e-11	-0.169496
8.41909e-11	-0.170956
8.4278e-11	-0.172419
8.4365e-11	-0.173886
8.44521e-11	-0.175356
8.45392e-11	-0.176829
8.46262e-11	-0.178305
8.47133e-11	-0.179785
8.48004e-11	-0.181267
8.48874e-11	-0.182753
8.49745e-11	-0.184241
8.50616e-11	-0.185732
8.51486e-11	-0.187226
8.52357e-11	-0.188723
8.53227e-11	-0.190223
8.54098e-11	-0.191725
8.54969e-11	-0.193229
8.55839e-11	-0.194736
8.5671e-11	-0.196245
8.57581e-11	-0.197757
8.58451e-11	-0.19927
8.59322e-11	-0.200786
8.60193e-11	-0.202304
8.61063e-11	-0.203824
8.61934e-11	-0.205346
8.62805e-11	-0.206869
8.63675e-11	-0.208395
8.64546e-11	-0.209922
8.65416e-11	-0.21145
8.66287e-11	-0.21298
8.67158e-11	-0.214512
8.68028e-11	-0.216045
8.68899e-11	-0.217579
8.6977e-11	-0.219114
8.7064e-11	-0.220651
8.71511e-11	-0.222188
8.72382e-11	-0.223727
8.73252e-11	-0.225266
8.74123e-11	-0.226806
8.74993e-11	-0.228346
8.75864e-11	-0.229888
8.76735e-11	-0.23143
8.77605e-11	-0.232972
8.78476e-11	-0.234514
8.79347e-11	-0.236057
8.80217e-11	-0.2376
8.81088e-11	-0.239143
8.81959e-11	-0.240686
8.82829e-11	-0.242229
8.837e-11	-0.243771
8.84571e-11	-0.245314
8.85441e-11	-0.246855
8.86312e-11	-0.248397
8.87182e-11	-0.249938
8.88053e-11	-0.251478
8.88924e-11	-0.253017
8.89794e-11	-0.254555
8.90665e-11	-0.256093
8.91536e-11	-0.257629
8.92406e-11	-0.259164
8.93277e-11	-0.260698
8.94148e-11	-0.262231
8.95018e-11	-0.263762
8.95889e-11	-0.265291
8.96759e-11	-0.266819
8.9763e-11	-0.268345
8.98501e-11	-0.269869
8.99371e-11	-0.271391
9.00242e-11	-0.272911
9.01113e-11	-0.274429
9.01983e-11	-0.275945
9.02854e-11	-0.277458
9.03725e-11	-0.278968
9.04595e-11	-0.280476
9.05466e-11	-0.281982
9.06337e-11	-0.283484
9.07207e-11	-0.284984
9.08078e-11	-0.28648
9.08948e-11	-0.287973
9.09819e-11	-0.289463
9.1069e-11	-0.29095
9.1156e-11	-0.292433
9.12431e-11	-0.293913
9.13302e-11	-0.295389
9.14172e-11	-0.296861
9.15043e-11	-0.298329
9.15914e-11	-0.299793
9.16784e-11	-0.301253
9.17655e-11	-0.302709
9.18525e-11	-0.30416
9.19396e-11	-0.305607
9.20267e-11	-0.307049
9.21137e-11	-0.308486
9.22008e-11	-0.309919
9.22879e-11	-0.311346
9.23749e-11	-0.312769
9.2462e-11	-0.314186
9.25491e-11	-0.315598
9.26361e-11	-0.317005
9.27232e-11	-0.318406
9.28103e-11	-0.319801
9.28973e-11	-0.321191
9.29844e-11	-0.322575
9.30714e-11	-0.323952
9.31585e-11	-0.325324
9.32456e-11	-0.326689
9.33326e-11	-0.328048
9.34197e-11	-0.329401
9.35068e-11	-0.330746
9.35938e-11	-0.332085
9.36809e-11	-0.333418
9.3768e-11	-0.334743
9.3855e-11	-0.336061
9.39421e-11	-0.337372
9.40292e-11	-0.338675
9.41162e-11	-0.339971
9.42033e-11	-0.34126
9.42903e-11	-0.34254
9.43774e-11	-0.343813
9.44645e-11	-0.345078
9.45515e-11	-0.346335
9.46386e-11	-0.347583
9.47257e-11	-0.348823
9.48127e-11	-0.350055
9.48998e-11	-0.351278
9.49869e-11	-0.352492
9.50739e-11	-0.353698
9.5161e-11	-0.354895
9.5248e-11	-0.356082
9.53351e-11	-0.35726
9.54222e-11	-0.358429
9.55092e-11	-0.359589
9.55963e-11	-0.360738
9.56834e-11	-0.361878
9.57704e-11	-0.363009
9.58575e-11	-0.364129
9.59446e-11	-0.365239
9.60316e-11	-0.366339
9.61187e-11	-0.367429
9.62058e-11	-0.368508
9.62928e-11	-0.369576
9.63799e-11	-0.370634
9.64669e-11	-0.371681
9.6554e-11	-0.372716
9.66411e-11	-0.373741
9.67281e-11	-0.374755
9.68152e-11	-0.375757
9.69023e-11	-0.376747
9.69893e-11	-0.377726
9.70764e-11	-0.378693
9.71635e-11	-0.379649
9.72505e-11	-0.380592
9.73376e-11	-0.381523
9.74246e-11	-0.382442
9.75117e-11	-0.383349
9.75988e-11	-0.384243
9.76858e-11	-0.385124
9.77729e-11	-0.385993
9.786e-11	-0.386848
9.7947e-11	-0.387691
9.80341e-11	-0.388521
9.81212e-11	-0.389337
9.82082e-11	-0.39014
9.82953e-11	-0.390929
9.83824e-11	-0.391705
9.84694e-11	-0.392467
9.85565e-11	-0.393215
9.86435e-11	-0.393949
9.87306e-11	-0.394669
9.88177e-11	-0.395374
9.89047e-11	-0.396065
9.89918e-11	-0.396742
9.90789e-11	-0.397404
9.91659e-11	-0.398051
9.9253e-11	-0.398684
9.93401e-11	-0.399301
9.94271e-11	-0.399904
9.95142e-11	-0.400491
9.96012e-11	-0.401062
9.96883e-11	-0.401618
9.97754e-11	-0.402159
9.98624e-11	-0.402684
9.99495e-11	-0.403193
1.00037e-10	-0.403686
1.00124e-10	-0.404163
1.00211e-10	-0.404623
1.00298e-10	-0.405068
1.00385e-10	-0.405496
1.00472e-10	-0.405907
1.00559e-10	-0.406302
1.00646e-10	-0.406679
1.00733e-10	-0.40704
1.0082e-10	-0.407384
1.00907e-10	-0.407711
1.00994e-10	-0.408021
1.01081e-10	-0.408313
1.01168e-10	-0.408588
1.01255e-10	-0.408845
1.01343e-10	-0.409084
1.0143e-10	-0.409306
1.01517e-10	-0.409509
1.01604e-10	-0.409695
1.01691e-10	-0.409862
1.01778e-10	-0.410011
1.01865e-10	-0.410142
1.01952e-10	-0.410255
1.02039e-10	-0.410348
1.02126e-10	-0.410423
1.02213e-10	-0.41048
1.023e-10	-0.410517
1.02387e-10	-0.410535
1.02474e-10	-0.410534
1.02561e-10	-0.410514
1.02648e-10	-0.410475
1.02736e-10	-0.410416
1.02823e-10	-0.410338
1.0291e-10	-0.41024
1.02997e-10	-0.410123
1.03084e-10	-0.409985
1.03171e-10	-0.409828
1.03258e-10	-0.40965
1.03345e-10	-0.409453
1.03432e-10	-0.409235
1.03519e-10	-0.408997
1.03606e-10	-0.408739
1.03693e-10	-0.40846
1.0378e-10	-0.408161
1.03867e-10	-0.40784
1.03954e-10	-0.4075
1.04042e-10	-0.407138
1.04129e-10	-0.406755
1.04216e-10	-0.406351
1.04303e-10	-0.405927
1.0439e-10	-0.405481
1.04477e-10	-0.405013
1.04564e-10	-0.404524
1.04651e-10	-0.404014
1.04738e-10	-0.403483
1.04825e-10	-0.402929
1.04912e-10	-0.402354
1.04999e-10	-0.401757
1.05086e-10	-0.401139
1.05173e-10	-0.400498
1.0526e-10	-0.399836
1.05347e-10	-0.399151
1.05435e-10	-0.398444
1.05522e-10	-0.397715
1.05609e-10	-0.396964
1.05696e-10	-0.39619
1.05783e-10	-0.395394
1.0587e-10	-0.394575
1.05957e-10	-0.393734
1.06044e-10	-0.39287
1.06131e-10	-0.391983
1.06218e-10	-0.391074
1.06305e-10	-0.390142
1.06392e-10	-0.389186
1.06479e-10	-0.388208
1.06566e-10	-0.387207
1.06653e-10	-0.386183
1.0674e-10	-0.385136
1.06828e-10	-0.384065
1.06915e-10	-0.382971
1.07002e-10	-0.381854
1.07089e-10	-0.380714
1.07176e-10	-0.37955
1.07263e-10	-0.378363
1.0735e-10	-0.377152
1.07437e-10	-0.375918
1.07524e-10	-0.37466
1.07611e-10	-0.373379
1.07698e-10	-0.372073
1.07785e-10	-0.370745
1.07872e-10	-0.369392
1.07959e-10	-0.368016
1.08046e-10	-0.366615
1.08134e-10	-0.365191
1.08221e-10	-0.363743
1.08308e-10	-0.362271
1.08395e-10	-0.360775
1.08482e-10	-0.359255
1.08569e-10	-0.357711
1.08656e-10	-0.356143
1.08743e-10	-0.354551
1.0883e-10	-0.352935
1.08917e-10	-0.351295
1.09004e-10	-0.34963
1.09091e-10	-0.347941
1.09178e-10	-0.346229
1.09265e-10	-0.344491
1.09352e-10	-0.34273
1.09439e-10	-0.340945
1.09527e-10	-0.339135
1.09614e-10	-0.337301
1.09701e-10	-0.335442
1.09788e-10	-0.33356
1.09875e-10	-0.331653
1.09962e-10	-0.329721
1.10049e-10	-0.327766
1.10136e-10	-0.325786
1.10223e-10	-0.323782
1.1031e-10	-0.321753
1.10397e-10	-0.3197
1.10484e-10	-0.317623
1.10571e-10	-0.315522
1.10658e-10	-0.313396
1.10745e-10	-0.311246
1.10833e-10	-0.309072
1.1092e-10	-0.306873
1.11007e-10	-0.30465
1.11094e-10	-0.302403
1.11181e-10	-0.300132
1.11268e-10	-0.297836
1.11355e-10	-0.295517
1.11442e-10	-0.293173
1.11529e-10	-0.290805
1.11616e-10	-0.288413
1.11703e-10	-0.285996
1.1179e-10	-0.283556
1.11877e-10	-0.281092
1.11964e-10	-0.278603
1.12051e-10	-0.276091
1.12138e-10	-0.273555
1.12226e-10	-0.270994
1.12313e-10	-0.26841
1.124e-10	-0.265802
1.12487e-10	-0.263171
1.12574e-10	-0.260515
1.12661e-10	-0.257836
1.12748e-10	-0.255133
1.12835e-10	-0.252406
1.12922e-10	-0.249656
1.13009e-10	-0.246883
1.13096e-10	-0.244085
1.13183e-10	-0.241265
1.1327e-10	-0.238421
1.13357e-10	-0.235554
1.13444e-10	-0.232663
1.13531e-10	-0.229749
1.13619e-10	-0.226813
1.13706e-10	-0.223853
1.13793e-10	-0.22087
1.1388e-10	-0.217864
1.13967e-10	-0.214835
1.14054e-10	-0.211784
1.14141e-10	-0.208709
1.14228e-10	-0.205613
1.14315e-10	-0.202493
1.14402e-10	-0.199351
1.14489e-10	-0.196187
1.14576e-10	-0.193
1.14663e-10	-0.189791
1.1475e-10	-0.18656
1.14837e-10	-0.183306
1.14925e-10	-0.180031
1.15012e-10	-0.176734
1.15099e-10	-0.173414
1.15186e-10	-0.170074
1.15273e-10	-0.166711
1.1536e-10	-0.163327
1.15447e-10	-0.159922
1.15534e-10	-0.156495
1.15621e-10	-0.153046
1.15708e-10	-0.149577
1.15795e-10	-0.146087
1.15882e-10	-0.142576
1.15969e-10	-0.139043
1.16056e-10	-0.13549
1.16143e-10	-0.131917
1.1623e-10	-0.128323
1.16318e-10	-0.124708
1.16405e-10	-0.121074
1.16492e-10	-0.117419
1.16579e-10	-0.113744
1.16666e-10	-0.110049
1.16753e-10	-0.106334
1.1684e-10	-0.1026
1.16927e-10	-0.098846
1.17014e-10	-0.0950726
1.17101e-10	-0.0912799
1.17188e-10	-0.087468
1.17275e-10	-0.0836371
1.17362e-10	-0.0797872
1.17449e-10	-0.0759186
1.17536e-10	-0.0720313
1.17624e-10	-0.0681256
1.17711e-10	-0.0642014
1.17798e-10	-0.060259
1.17885e-10	-0.0562985
1.17972e-10	-0.0523201
1.18059e-10	-0.0483239
1.18146e-10	-0.04431
1.18233e-10	-0.0402786
1.1832e-10	-0.0362299
1.18407e-10	-0.032164
1.18494e-10	-0.028081
1.18581e-10	-0.0239811
1.18668e-10	-0.0198645
1.18755e-10	-0.0157313
1.18842e-10	-0.0115816
1.18929e-10	-0.00741576
1.19017e-10	-0.00323378
1.19104e-10	0.000964142
1.19191e-10	0.00517783
1.19278e-10	0.00940713
1.19365e-10	0.0136519
1.19452e-10	0.0179119
1.19539e-10	0.022187
1.19626e-10	0.026477
1.19713e-10	0.0307818
1.198e-10	0.0351011
1.19887e-10	0.0394349
1.19974e-10	0.0437828
1.20061e-10	0.0481448
1.20148e-10	0.0525207
1.20235e-10	0.0569103
1.20322e-10	0.0613133
1.2041e-10	0.0657297
1.20497e-10	0.0701591
1.20584e-10	0.0746016
1.20671e-10	0.0790567
1.20758e-10	0.0835245
1.20845e-10	0.0880046
1.20932e-10	0.0924968
1.21019e-10	0.0970011
1.21106e-10	0.101517
1.21193e-10	0.106045
1.2128e-10	0.110584
1.21367e-10	0.115134
1.21454e-10	0.119695
1.21541e-10	0.124267
1.21628e-10	0.12885
1.21716e-10	0.133443
1.21803e-10	0.138046
1.2189e-10	0.142659
1.21977e-10	0.147282
1.22064e-10	0.151914
1.22151e-10	0.156556
1.22238e-10	0.161207
1.22325e-10	0.165867
1.22412e-10	0.170535
1.22499e-10	0.175212
1.22586e-10	0.179898
1.22673e-10	0.184591
1.2276e-10	0.189292
1.22847e-10	0.194001
1.22934e-10	0.198718
1.23021e-10	0.203441
1.23109e-10	0.208172
1.23196e-10	0.212909
1.23283e-10	0.217652
1.2337e-10	0.222402
1.23457e-10	0.227159
1.23544e-10	0.231921
1.23631e-10	0.236688
1.23718e-10	0.241461
1.23805e-10	0.246239
1.23892e-10	0.251022
1.23979e-10	0.25581
1.24066e-10	0.260602
1.24153e-10	0.265399
1.2424e-10	0.270199
1.24327e-10	0.275004
1.24414e-10	0.279811
1.24502e-10	0.284622
1.24589e-10	0.289437
1.24676e-10	0.294254
1.24763e-10	0.299073
1.2485e-10	0.303895
1.24937e-10	0.308719
1.25024e-10	0.313545
1.25111e-10	0.318373
1.25198e-10	0.323202
1.25285e-10	0.328032
1.25372e-10	0.332863
1.25459e-10	0.337695
1.25546e-10	0.342527
1.25633e-10	0.34736
1.2572e-10	0.352192
1.25808e-10	0.357024
1.25895e-10	0.361855
1.25982e-10	0.366686
1.26069e-10	0.371516
1.26156e-10	0.376344
1.26243e-10	0.381171
1.2633e-10	0.385996
1.26417e-10	0.390819
1.26504e-10	0.395639
1.26591e-10	0.400458
1.26678e-10	0.405273
1.26765e-10	0.410085
1.26852e-10	0.414894
1.26939e-10	0.4197
1.27026e-10	0.424502
1.27113e-10	0.429299
1.27201e-10	0.434093
1.27288e-10	0.438882
1.27375e-10	0.443666
1.27462e-10	0.448445
1.27549e-10	0.453219
1.27636e-10	0.457987
1.27723e-10	0.46275
1.2781e-10	0.467506
1.27897e-10	0.472256
1.27984e-10	0.477
1.28071e-10	0.481737
1.28158e-10	0.486466
1.28245e-10	0.491189
1.28332e-10	0.495904
1.28419e-10	0.500611
1.28507e-10	0.50531
1.28594e-10	0.51
1.28681e-10	0.514683
1.28768e-10	0.519356
1.28855e-10	0.52402
1.28942e-10	0.528675
1.29029e-10	0.53332
1.29116e-10	0.537956
1.29203e-10	0.542581
1.2929e-10	0.547196
1.29377e-10	0.551801
1.29464e-10	0.556394
1.29551e-10	0.560977
1.29638e-10	0.565548
1.29725e-10	0.570108
1.29812e-10	0.574655
1.299e-10	0.579191
1.29987e-10	0.583714
1.30074e-10	0.588225
1.30161e-10	0.592723
1.30248e-10	0.597208
1.30335e-10	0.601679
1.30422e-10	0.606137
1.30509e-10	0.610581
1.30596e-10	0.615011
1.30683e-10	0.619427
1.3077e-10	0.623828
1.30857e-10	0.628214
1.30944e-10	0.632585
1.31031e-10	0.636941
1.31118e-10	0.641282
1.31205e-10	0.645606
1.31293e-10	0.649915
1.3138e-10	0.654207
1.31467e-10	0.658482
1.31554e-10	0.662741
1.31641e-10	0.666983
1.31728e-10	0.671208
1.31815e-10	0.675415
1.31902e-10	0.679605
1.31989e-10	0.683776
1.32076e-10	0.687929
1.32163e-10	0.692064
1.3225e-10	0.696181
1.32337e-10	0.700278
1.32424e-10	0.704356
1.32511e-10	0.708415
1.32599e-10	0.712454
1.32686e-10	0.716474
1.32773e-10	0.720473
1.3286e-10	0.724452
1.32947e-10	0.728411
1.33034e-10	0.732348
1.33121e-10	0.736265
1.33208e-10	0.740161
1.33295e-10	0.744035
1.33382e-10	0.747888
1.33469e-10	0.751718
1.33556e-10	0.755527
1.33643e-10	0.759313
1.3373e-10	0.763077
1.33817e-10	0.766818
1.33904e-10	0.770536
1.33992e-10	0.774231
1.34079e-10	0.777903
1.34166e-10	0.781551
1.34253e-10	0.785175
1.3434e-10	0.788775
1.34427e-10	0.792351
1.34514e-10	0.795903
1.34601e-10	0.799429
1.34688e-10	0.802931
1.34775e-10	0.806408
1.34862e-10	0.80986
1.34949e-10	0.813286
1.35036e-10	0.816687
1.35123e-10	0.820061
1.3521e-10	0.82341
1.35297e-10	0.826732
1.35385e-10	0.830028
1.35472e-10	0.833297
1.35559e-10	0.83654
1.35646e-10	0.839755
1.35733e-10	0.842943
1.3582e-10	0.846104
1.35907e-10	0.849237
1.35994e-10	0.852343
1.36081e-10	0.85542
1.36168e-10	0.85847
1.36255e-10	0.861491
1.36342e-10	0.864483
1.36429e-10	0.867447
1.36516e-10	0.870382
1.36603e-10	0.873288
1.36691e-10	0.876164
1.36778e-10	0.879012
1.36865e-10	0.88183
1.36952e-10	0.884618
1.37039e-10	0.887376
1.37126e-10	0.890104
1.37213e-10	0.892802
1.373e-10	0.89547
1.37387e-10	0.898107
1.37474e-10	0.900714
1.37561e-10	0.903289
1.37648e-10	0.905834
1.37735e-10	0.908347
1.37822e-10	0.91083
1.37909e-10	0.91328
1.37996e-10	0.9157
1.38084e-10	0.918087
1.38171e-10	0.920443
1.38258e-10	0.922766
1.38345e-10	0.925058
1.38432e-10	0.927317
1.38519e-10	0.929544
1.38606e-10	0.931738
1.38693e-10	0.9339
1.3878e-10	0.936028
1.38867e-10	0.938124
1.38954e-10	0.940187
1.39041e-10	0.942216
1.39128e-10	0.944212
1.39215e-10	0.946175
1.39302e-10	0.948105
1.3939e-10	0.95
1.39477e-10	0.951862
1.39564e-10	0.95369
1.39651e-10	0.955483
1.39738e-10	0.957243
1.39825e-10	0.958969
1.39912e-10	0.96066
1.39999e-10	0.962317
1.40086e-10	0.963939
1.40173e-10	0.965527
1.4026e-10	0.967079
1.40347e-10	0.968598
1.40434e-10	0.970081
1.40521e-10	0.971529
1.40608e-10	0.972942
1.40695e-10	0.97432
1.40783e-10	0.975663
1.4087e-10	0.97697
1.40957e-10	0.978242
1.41044e-10	0.979478
1.41131e-10	0.980679
1.41218e-10	0.981845
1.41305e-10	0.982974
1.41392e-10	0.984068
1.41479e-10	0.985126
1.41566e-10	0.986148
1.41653e-10	0.987134
1.4174e-10	0.988084
1.41827e-10	0.988998
1.41914e-10	0.989876
1.42001e-10	0.990717
1.42088e-10	0.991523
1.42176e-10	0.992292
1.42263e-10	0.993024
1.4235e-10	0.993721
1.42437e-10	0.994381
1.42524e-10	0.995004
1.42611e-10	0.995591
1.42698e-10	0.996141
1.42785e-10	0.996655
1.42872e-10	0.997133
1.42959e-10	0.997573
1.43046e-10	0.997977
1.43133e-10	0.998344
1.4322e-10	0.998675
1.43307e-10	0.998969
1.43394e-10	0.999226
1.43482e-10	0.999446
1.43569e-10	0.999629
1.43656e-10	0.999776
1.43743e-10	0.999886
1.4383e-10	0.999959
1.43917e-10	0.999996
1.44004e-10	0.999995
1.44091e-10	0.999958
1.44178e-10	0.999884
1.44265e-10	0.999773
1.44352e-10	0.999625
1.44439e-10	0.999441
1.44526e-10	0.999219
1.44613e-10	0.998961
1.447e-10	0.998667
1.44787e-10	0.998335
1.44875e-10	0.997967
1.44962e-10	0.997562
1.45049e-10	0.997121
1.45136e-10	0.996642
1.45223e-10	0.996128
1.4531e-10	0.995576
1.45397e-10	0.994988
1.45484e-10	0.994364
1.45571e-10	0.993703
1.45658e-10	0.993006
1.45745e-10	0.992272
1.45832e-10	0.991502
1.45919e-10	0.990696
1.46006e-10	0.989853
1.46093e-10	0.988975
1.46181e-10	0.98806
1.46268e-10	0.987109
1.46355e-10	0.986122
1.46442e-10	0.985099
1.46529e-10	0.98404
1.46616e-10	0.982945
1.46703e-10	0.981815
1.4679e-10	0.980649
1.46877e-10	0.979447
1.46964e-10	0.97821
1.47051e-10	0.976937
1.47138e-10	0.975628
1.47225e-10	0.974285
1.47312e-10	0.972906
1.47399e-10	0.971492
1.47486e-10	0.970043
1.47574e-10	0.968559
1.47661e-10	0.96704
1.47748e-10	0.965486
1.47835e-10	0.963897
1.47922e-10	0.962274
1.48009e-10	0.960617
1.48096e-10	0.958925
1.48183e-10	0.957198
1.4827e-10	0.955438
1.48357e-10	0.953643
1.48444e-10	0.951814
1.48531e-10	0.949951
1.48618e-10	0.948055
1.48705e-10	0.946125
1.48792e-10	0.944161
1.48879e-10	0.942164
1.48967e-10	0.940134
1.49054e-10	0.93807
1.49141e-10	0.935974
1.49228e-10	0.933844
1.49315e-10	0.931682
1.49402e-10	0.929487
1.49489e-10	0.927259
1.49576e-10	0.924999
1.49663e-10	0.922707
1.4975e-10	0.920382
1.49837e-10	0.918026
1.49924e-10	0.915638
1.50011e-10	0.913217
1.50098e-10	0.910766
1.50185e-10	0.908283
1.50273e-10	0.905769
1.5036e-10	0.903223
1.50447e-10	0.900647
1.50534e-10	0.898039
1.50621e-10	0.895401
1.50708e-10	0.892733
1.50795e-10	0.890034
1.50882e-10	0.887305
1.50969e-10	0.884546
1.51056e-10	0.881757
1.51143e-10	0.878939
1.5123e-10	0.876091
1.51317e-10	0.873213
1.51404e-10	0.870306
1.51491e-10	0.867371
1.51578e-10	0.864406
1.51666e-10	0.861413
1.51753e-10	0.858391
1.5184e-10	0.855341
1.51927e-10	0.852263
1.52014e-10	0.849157
1.52101e-10	0.846023
1.52188e-10	0.842861
1.52275e-10	0.839673
1.52362e-10	0.836456
1.52449e-10	0.833213
1.52536e-10	0.829943
1.52623e-10	0.826647
1.5271e-10	0.823324
1.52797e-10	0.819974
1.52884e-10	0.816599
1.52971e-10	0.813198
1.53059e-10	0.809771
1.53146e-10	0.806319
1.53233e-10	0.802841
1.5332e-10	0.799339
1.53407e-10	0.795811
1.53494e-10	0.792259
1.53581e-10	0.788682
1.53668e-10	0.785082
1.53755e-10	0.781457
1.53842e-10	0.777808
1.53929e-10	0.774136
1.54016e-10	0.770441
1.54103e-10	0.766722
1.5419e-10	0.76298
1.54277e-10	0.759216
1.54365e-10	0.755429
1.54452e-10	0.75162
1.54539e-10	0.747788
1.54626e-10	0.743935
1.54713e-10	0.74006
1.548e-10	0.736164
1.54887e-10	0.732247
1.54974e-10	0.728308
1.55061e-10	0.724349
1.55148e-10	0.72037
1.55235e-10	0.71637
1.55322e-10	0.71235
1.55409e-10	0.70831
1.55496e-10	0.704251
1.55583e-10	0.700172
1.5567e-10	0.696074
1.55758e-10	0.691958
1.55845e-10	0.687822
1.55932e-10	0.683668
1.56019e-10	0.679497
1.56106e-10	0.675307
1.56193e-10	0.671099
1.5628e-10	0.666874
1.56367e-10	0.662631
1.56454e-10	0.658372
1.56541e-10	0.654096
1.56628e-10	0.649803
1.56715e-10	0.645494
1.56802e-10	0.64117
1.56889e-10	0.636829
1.56976e-10	0.632473
1.57064e-10	0.628101
1.57151e-10	0.623714
1.57238e-10	0.619313
1.57325e-10	0.614897
1.57412e-10	0.610467
1.57499e-10	0.606022
1.57586e-10	0.601564
1.57673e-10	0.597092
1.5776e-10	0.592607
1.57847e-10	0.588109
1.57934e-10	0.583598
1.58021e-10	0.579074
1.58108e-10	0.574538
1.58195e-10	0.56999
1.58282e-10	0.56543
1.58369e-10	0.560859
1.58457e-10	0.556276
1.58544e-10	0.551682
1.58631e-10	0.547077
1.58718e-10	0.542462
1.58805e-10	0.537836
1.58892e-10	0.5332
1.58979e-10	0.528555
1.59066e-10	0.5239
1.59153e-10	0.519235
1.5924e-10	0.514562
1.59327e-10	0.509879
1.59414e-10	0.505188
1.59501e-10	0.500489
1.59588e-10	0.495782
1.59675e-10	0.491067
1.59762e-10	0.486344
1.5985e-10	0.481614
1.59937e-10	0.476877
1.60024e-10	0.472134
1.60111e-10	0.467383
1.60198e-10	0.462627
1.60285e-10	0.457864
1.60372e-10	0.453096
1.60459e-10	0.448322
1.60546e-10	0.443542
1.60633e-10	0.438758
1.6072e-10	0.433969
1.60807e-10	0.429175
1.60894e-10	0.424378
1.60981e-10	0.419576
1.61068e-10	0.41477
1.61156e-10	0.409961
1.61243e-10	0.405148
1.6133e-10	0.400333
1.61417e-10	0.395515
1.61504e-10	0.390694
1.61591e-10	0.385871
1.61678e-10	0.381046
1.61765e-10	0.376219
1.61852e-10	0.371391
1.61939e-10	0.366561
1.62026e-10	0.36173
1.62113e-10	0.356899
1.622e-10	0.352067
1.62287e-10	0.347235
1.62374e-10	0.342402
1.62461e-10	0.33757
1.62549e-10	0.332738
1.62636e-10	0.327907
1.62723e-10	0.323077
1.6281e-10	0.318248
1.62897e-10	0.313421
1.62984e-10	0.308595
1.63071e-10	0.303771
1.63158e-10	0.298949
1.63245e-10	0.294129
1.63332e-10	0.289312
1.63419e-10	0.284498
1.63506e-10	0.279687
1.63593e-10	0.274879
1.6368e-10	0.270075
1.63767e-10	0.265275
1.63855e-10	0.260478
1.63942e-10	0.255686
1.64029e-10	0.250899
1.64116e-10	0.246116
1.64203e-10	0.241338
1.6429e-10	0.236565
1.64377e-10	0.231797
1.64464e-10	0.227036
1.64551e-10	0.22228
1.64638e-10	0.21753
1.64725e-10	0.212786
1.64812e-10	0.208049
1.64899e-10	0.203319
1.64986e-10	0.198596
1.65073e-10	0.193879
1.6516e-10	0.189171
1.65248e-10	0.18447
1.65335e-10	0.179777
1.65422e-10	0.175091
1.65509e-10	0.170415
1.65596e-10	0.165746
1.65683e-10	0.161087
1.6577e-10	0.156436
1.65857e-10	0.151794
1.65944e-10	0.147162
1.66031e-10	0.14254
1.66118e-10	0.137927
1.66205e-10	0.133324
1.66292e-10	0.128731
1.66379e-10	0.124149
1.66466e-10	0.119577
1.66553e-10	0.115016
1.66641e-10	0.110466
1.66728e-10	0.105928
1.66815e-10	0.1014
1.66902e-10	0.0968845
1.66989e-10	0.0923806
1.67076e-10	0.0878886
1.67163e-10	0.0834088
1.6725e-10	0.0789414
1.67337e-10	0.0744866
1.67424e-10	0.0700445
1.67511e-10	0.0656153
1.67598e-10	0.0611993
1.67685e-10	0.0567966
1.67772e-10	0.0524074
1.67859e-10	0.0480319
1.67947e-10	0.0436703
1.68034e-10	0.0393227
1.68121e-10	0.0349893
1.68208e-10	0.0306703
1.68295e-10	0.0263659
1.68382e-10	0.0220763
1.68469e-10	0.0178016
1.68556e-10	0.013542
1.68643e-10	0.00929762
1.6873e-10	0.00506873
1.68817e-10	0.000855441
1.68904e-10	-0.00334207
1.68991e-10	-0.00752364
1.69078e-10	-0.0116891
1.69165e-10	-0.0158383
1.69252e-10	-0.0199711
1.6934e-10	-0.0240873
1.69427e-10	-0.0281867
1.69514e-10	-0.0322693
1.69601e-10	-0.0363348
1.69688e-10	-0.040383
1.69775e-10	-0.044414
1.69862e-10	-0.0484274
1.69949e-10	-0.0524232
1.70036e-10	-0.0564011
1.70123e-10	-0.0603611
1.7021e-10	-0.064303
1.70297e-10	-0.0682267
1.70384e-10	-0.072132
1.70471e-10	-0.0760188
1.70558e-10	-0.079887
1.70645e-10	-0.0837364
1.70733e-10	-0.0875668
1.7082e-10	-0.0913782
1.70907e-10	-0.0951704
1.70994e-10	-0.0989433
1.71081e-10	-0.102697
1.71168e-10	-0.106431
1.71255e-10	-0.110145
1.71342e-10	-0.113839
1.71429e-10	-0.117514
1.71516e-10	-0.121168
1.71603e-10	-0.124802
1.7169e-10	-0.128416
1.71777e-10	-0.13201
1.71864e-10	-0.135583
1.71951e-10	-0.139135
1.72039e-10	-0.142667
1.72126e-10	-0.146177
1.72213e-10	-0.149667
1.723e-10	-0.153136
1.72387e-10	-0.156583
1.72474e-10	-0.16001
1.72561e-10	-0.163415
1.72648e-10	-0.166798
1.72735e-10	-0.17016
1.72822e-10	-0.173501
1.72909e-10	-0.176819
1.72996e-10	-0.180116
1.73083e-10	-0.183391
1.7317e-10	-0.186643
1.73257e-10	-0.189874
1.73344e-10	-0.193082
1.73432e-10	-0.196269
1.73519e-10	-0.199433
1.73606e-10	-0.202574
1.73693e-10	-0.205693
1.7378e-10	-0.208789
1.73867e-10	-0.211863
1.73954e-10	-0.214914
1.74041e-10	-0.217942
1.74128e-10	-0.220947
1.74215e-10	-0.22393
1.74302e-10	-0.226889
1.74389e-10	-0.229825
1.74476e-10	-0.232738
1.74563e-10	-0.235628
1.7465e-10	-0.238495
1.74738e-10	-0.241338
1.74825e-10	-0.244158
1.74912e-10	-0.246955
1.74999e-10	-0.249728
1.75086e-10	-0.252477
1.75173e-10	-0.255203
1.7526e-10	-0.257905
1.75347e-10	-0.260584
1.75434e-10	-0.263239
1.75521e-10	-0.26587
1.75608e-10	-0.268477
1.75695e-10	-0.271061
1.75782e-10	-0.273621
1.75869e-10	-0.276156
1.75956e-10	-0.278668
1.76043e-10	-0.281156
1.76131e-10	-0.28362
1.76218e-10	-0.286059
1.76305e-10	-0.288475
1.76392e-10	-0.290866
1.76479e-10	-0.293234
1.76566e-10	-0.295577
1.76653e-10	-0.297896
1.7674e-10	-0.300191
1.76827e-10	-0.302462
1.76914e-10	-0.304708
1.77001e-10	-0.30693
1.77088e-10	-0.309128
1.77175e-10	-0.311302
1.77262e-10	-0.313451
1.77349e-10	-0.315576
1.77436e-10	-0.317677
1.77524e-10	-0.319754
1.77611e-10	-0.321806
1.77698e-10	-0.323834
1.77785e-10	-0.325837
1.77872e-10	-0.327817
1.77959e-10	-0.329772
1.78046e-10	-0.331702
1.78133e-10	-0.333609
1.7822e-10	-0.335491
1.78307e-10	-0.337348
1.78394e-10	-0.339182
1.78481e-10	-0.340991
1.78568e-10	-0.342776
1.78655e-10	-0.344537
1.78742e-10	-0.346273
1.7883e-10	-0.347985
1.78917e-10	-0.349673
1.79004e-10	-0.351337
1.79091e-10	-0.352977
1.79178e-10	-0.354593
1.79265e-10	-0.356184
1.79352e-10	-0.357751
1.79439e-10	-0.359295
1.79526e-10	-0.360814
1.79613e-10	-0.362309
1.797e-10	-0.363781
1.79787e-10	-0.365228
1.79874e-10	-0.366652
1.79961e-10	-0.368051
1.80048e-10	-0.369427
1.80135e-10	-0.370779
1.80223e-10	-0.372108
1.8031e-10	-0.373412
1.80397e-10	-0.374693
1.80484e-10	-0.37595
1.80571e-10	-0.377184
1.80658e-10	-0.378394
1.80745e-10	-0.379581
1.80832e-10	-0.380744
1.80919e-10	-0.381884
1.81006e-10	-0.383
1.81093e-10	-0.384093
1.8118e-10	-0.385163
1.81267e-10	-0.38621
1.81354e-10	-0.387233
1.81441e-10	-0.388234
1.81528e-10	-0.389211
1.81616e-10	-0.390166
1.81703e-10	-0.391098
1.8179e-10	-0.392006
1.81877e-10	-0.392892
1.81964e-10	-0.393756
1.82051e-10	-0.394596
1.82138e-10	-0.395415
1.82225e-10	-0.39621
1.82312e-10	-0.396983
1.82399e-10	-0.397734
1.82486e-10	-0.398463
1.82573e-10	-0.399169
1.8266e-10	-0.399853
1.82747e-10	-0.400515
1.82834e-10	-0.401155
1.82922e-10	-0.401773
1.83009e-10	-0.402369
1.83096e-10	-0.402944
1.83183e-10	-0.403497
1.8327e-10	-0.404028
1.83357e-10	-0.404537
1.83444e-10	-0.405026
1.83531e-10	-0.405492
1.83618e-10	-0.405938
1.83705e-10	-0.406362
1.83792e-10	-0.406765
1.83879e-10	-0.407147
1.83966e-10	-0.407509
1.84053e-10	-0.407849
1.8414e-10	-0.408169
1.84227e-10	-0.408468
1.84315e-10	-0.408746
1.84402e-10	-0.409004
1.84489e-10	-0.409241
1.84576e-10	-0.409458
1.84663e-10	-0.409655
1.8475e-10	-0.409832
1.84837e-10	-0.409989
1.84924e-10	-0.410126
1.85011e-10	-0.410243
1.85098e-10	-0.41034
1.85185e-10	-0.410418
1.85272e-10	-0.410476
1.85359e-10	-0.410515
1.85446e-10	-0.410535
1.85533e-10	-0.410535
1.85621e-10	-0.410516
1.85708e-10	-0.410478
1.85795e-10	-0.410422
1.85882e-10	-0.410346
1.85969e-10	-0.410252
1.86056e-10	-0.410139
1.86143e-10	-0.410008
1.8623e-10	-0.409858
1.86317e-10	-0.40969
1.86404e-10	-0.409504
1.86491e-10	-0.4093
1.86578e-10	-0.409078
1.86665e-10	-0.408838
1.86752e-10	-0.408581
1.86839e-10	-0.408306
1.86926e-10	-0.408013
1.87014e-10	-0.407703
1.87101e-10	-0.407376
1.87188e-10	-0.407031
1.87275e-10	-0.40667
1.87362e-10	-0.406292
1.87449e-10	-0.405897
1.87536e-10	-0.405485
1.87623e-10	-0.405056
1.8771e-10	-0.404612
1.87797e-10	-0.40415
1.87884e-10	-0.403673
1.87971e-10	-0.40318
1.88058e-10	-0.40267
1.88145e-10	-0.402145
1.88232e-10	-0.401604
1.88319e-10	-0.401048
1.88407e-10	-0.400476
1.88494e-10	-0.399888
1.88581e-10	-0.399285
1.88668e-10	-0.398668
1.88755e-10	-0.398035
1.88842e-10	-0.397387
1.88929e-10	-0.396725
1.89016e-10	-0.396048
1.89103e-10	-0.395356
1.8919e-10	-0.39465
1.89277e-10	-0.39393
1.89364e-10	-0.393196
1.89451e-10	-0.392447
1.89538e-10	-0.391685
1.89625e-10	-0.390909
1.89713e-10	-0.390119
1.898e-10	-0.389316
1.89887e-10	-0.388499
1.89974e-10	-0.387669
1.90061e-10	-0.386826
1.90148e-10	-0.38597
1.90235e-10	-0.385101
1.90322e-10	-0.38422
1.90409e-10	-0.383325
1.90496e-10	-0.382419
1.90583e-10	-0.381499
1.9067e-10	-0.380568
1.90757e-10	-0.379624
1.90844e-10	-0.378669
1.90931e-10	-0.377701
1.91018e-10	-0.376722
1.91106e-10	-0.375731
1.91193e-10	-0.374729
1.9128e-10	-0.373715
1.91367e-10	-0.37269
1.91454e-10	-0.371654
1.91541e-10	-0.370607
1.91628e-10	-0.369549
1.91715e-10	-0.36848
1.91802e-10	-0.367401
1.91889e-10	-0.366311
1.91976e-10	-0.365211
1.92063e-10	-0.3641
1.9215e-10	-0.36298
1.92237e-10	-0.361849
1.92324e-10	-0.360709
1.92412e-10	-0.359559
1.92499e-10	-0.358399
1.92586e-10	-0.35723
1.92673e-10	-0.356051
1.9276e-10	-0.354864
1.92847e-10	-0.353667
1.92934e-10	-0.352461
1.93021e-10	-0.351247
1.93108e-10	-0.350023
1.93195e-10	-0.348791
1.93282e-10	-0.347551
1.93369e-10	-0.346302
1.93456e-10	-0.345045
1.93543e-10	-0.34378
1.9363e-10	-0.342507
1.93717e-10	-0.341226
1.93805e-10	-0.339938
1.93892e-10	-0.338642
1.93979e-10	-0.337338
1.94066e-10	-0.336027
1.94153e-10	-0.334709
1.9424e-10	-0.333383
1.94327e-10	-0.332051
1.94414e-10	-0.330712
1.94501e-10	-0.329366
1.94588e-10	-0.328013
1.94675e-10	-0.326654
1.94762e-10	-0.325289
1.94849e-10	-0.323917
1.94936e-10	-0.322539
1.95023e-10	-0.321155
1.9511e-10	-0.319765
1.95198e-10	-0.31837
1.95285e-10	-0.316969
1.95372e-10	-0.315562
1.95459e-10	-0.31415
1.95546e-10	-0.312732
1.95633e-10	-0.31131
1.9572e-10	-0.309882
1.95807e-10	-0.308449
1.95894e-10	-0.307012
1.95981e-10	-0.305569
1.96068e-10	-0.304122
1.96155e-10	-0.302671
1.96242e-10	-0.301215
1.96329e-10	-0.299755
1.96416e-10	-0.298291
1.96504e-10	-0.296823
1.96591e-10	-0.295351
1.96678e-10	-0.293875
1.96765e-10	-0.292395
1.96852e-10	-0.290912
1.96939e-10	-0.289425
1.97026e-10	-0.287935
1.97113e-10	-0.286441
1.972e-10	-0.284945
1.97287e-10	-0.283445
1.97374e-10	-0.281943
1.97461e-10	-0.280437
1.97548e-10	-0.278929
1.97635e-10	-0.277419
1.97722e-10	-0.275905
1.97809e-10	-0.27439
1.97897e-10	-0.272872
1.97984e-10	-0.271352
1.98071e-10	-0.26983
1.98158e-10	-0.268306
1.98245e-10	-0.26678
1.98332e-10	-0.265252
1.98419e-10	-0.263722
1.98506e-10	-0.262191
1.98593e-10	-0.260659
1.9868e-10	-0.259125
1.98767e-10	-0.257589
1.98854e-10	-0.256053
1.98941e-10	-0.254516
1.99028e-10	-0.252977
1.99115e-10	-0.251438
1.99202e-10	-0.249898
1.9929e-10	-0.248357
1.99377e-10	-0.246816
1.99464e-10	-0.245274
1.99551e-10	-0.243731
1.99638e-10	-0.242189
1.99725e-10	-0.240646
1.99812e-10	-0.239103
1.99899e-10	-0.23756
1.99986e-10	-0.236017
2.00073e-10	-0.234474
2.0016e-10	-0.232932
2.00247e-10	-0.23139
2.00334e-10	-0.229848
2.00421e-10	-0.228307
2.00508e-10	-0.226766
2.00596e-10	-0.225226
2.00683e-10	-0.223687
2.0077e-10	-0.222148
2.00857e-10	-0.220611
2.00944e-10	-0.219075
2.01031e-10	-0.217539
2.01118e-10	-0.216005
2.01205e-10	-0.214472
2.01292e-10	-0.212941
2.01379e-10	-0.211411
2.01466e-10	-0.209882
2.01553e-10	-0.208355
2.0164e-10	-0.20683
2.01727e-10	-0.205306
2.01814e-10	-0.203785
2.01901e-10	-0.202265
2.01989e-10	-0.200747
2.02076e-10	-0.199231
2.02163e-10	-0.197717
2.0225e-10	-0.196206
2.02337e-10	-0.194697
2.02424e-10	-0.19319
2.02511e-10	-0.191686
2.02598e-10	-0.190184
2.02685e-10	-0.188685
2.02772e-10	-0.187188
2.02859e-10	-0.185694
2.02946e-10	-0.184203
2.03033e-10	-0.182714
2.0312e-10	-0.181229
2.03207e-10	-0.179746
2.03295e-10	-0.178267
2.03382e-10	-0.176791
2.03469e-10	-0.175318
2.03556e-10	-0.173848
2.03643e-10	-0.172381
2.0373e-10	-0.170918
2.03817e-10	-0.169458
2.03904e-10	-0.168002
2.03991e-10	-0.166549
2.04078e-10	-0.1651
2.04165e-10	-0.163655
2.04252e-10	-0.162213
2.04339e-10	-0.160775
2.04426e-10	-0.159341
2.04513e-10	-0.157911
2.046e-10	-0.156484
2.04688e-10	-0.155062
2.04775e-10	-0.153644
2.04862e-10	-0.15223
2.04949e-10	-0.15082
2.05036e-10	-0.149414
2.05123e-10	-0.148013
2.0521e-10	-0.146616
2.05297e-10	-0.145223
2.05384e-10	-0.143835
2.05471e-10	-0.142451
2.05558e-10	-0.141072
2.05645e-10	-0.139697
2.05732e-10	-0.138327
2.05819e-10	-0.136962
2.05906e-10	-0.135601
2.05993e-10	-0.134245
2.06081e-10	-0.132894
2.06168e-10	-0.131548
2.06255e-10	-0.130207
2.06342e-10	-0.12887
2.06429e-10	-0.127539
2.06516e-10	-0.126212
2.06603e-10	-0.124891
2.0669e-10	-0.123575
2.06777e-10	-0.122264
2.06864e-10	-0.120958
2.06951e-10	-0.119657
2.07038e-10	-0.118361
2.07125e-10	-0.117071
2.07212e-10	-0.115786
2.07299e-10	-0.114507
2.07387e-10	-0.113233
2.07474e-10	-0.111964
2.07561e-10	-0.110701
2.07648e-10	-0.109443
2.07735e-10	-0.10819
2.07822e-10	-0.106944
2.07909e-10	-0.105703
2.07996e-10	-0.104467
2.08083e-10	-0.103237
2.0817e-10	-0.102013
2.08257e-10	-0.100794
2.08344e-10	-0.0995817
2.08431e-10	-0.0983746
2.08518e-10	-0.0971734
2.08605e-10	-0.095978
2.08692e-10	-0.0947884
2.0878e-10	-0.0936046
2.08867e-10	-0.0924268
2.08954e-10	-0.0912548
2.09041e-10	-0.0900888
2.09128e-10	-0.0889287
2.09215e-10	-0.0877746
2.09302e-10	-0.0866264
2.09389e-10	-0.0854843
2.09476e-10	-0.0843483
2.09563e-10	-0.0832182
2.0965e-10	-0.0820943
2.09737e-10	-0.0809764
2.09824e-10	-0.0798647
2.09911e-10	-0.078759
2.09998e-10	-0.0776595
2.10085e-10	-0.0765662
2.10173e-10	-0.075479
2.1026e-10	-0.0743981
2.10347e-10	-0.0733233
2.10434e-10	-0.0722547
2.10521e-10	-0.0711924
2.10608e-10	-0.0701363
2.10695e-10	-0.0690864
2.10782e-10	-0.0680428
2.10869e-10	-0.0670055
2.10956e-10	-0.0659745
2.11043e-10	-0.0649497
2.1113e-10	-0.0639313
2.11217e-10	-0.0629191
2.11304e-10	-0.0619133
2.11391e-10	-0.0609139
2.11479e-10	-0.0599207
2.11566e-10	-0.0589339
2.11653e-10	-0.0579534
2.1174e-10	-0.0569793
2.11827e-10	-0.0560116
2.11914e-10	-0.0550502
2.12001e-10	-0.0540952
2.12088e-10	-0.0531466
2.12175e-10	-0.0522043
2.12262e-10	-0.0512684
2.12349e-10	-0.0503389
2.12436e-10	-0.0494158
2.12523e-10	-0.048499
2.1261e-10	-0.0475887
2.12697e-10	-0.0466847
2.12784e-10	-0.0457871
2.12872e-10	-0.0448959
2.12959e-10	-0.0440111
2.13046e-10	-0.0431326
2.13133e-10	-0.0422605
2.1322e-10	-0.0413949
2.13307e-10	-0.0405356
2.13394e-10	-0.0396826
2.13481e-10	-0.0388361
2.13568e-10	-0.0379958
2.13655e-10	-0.037162
2.13742e-10	-0.0363345
2.13829e-10	-0.0355134
2.13916e-10	-0.0346986
2.14003e-10	-0.0338901
2.1409e-10	-0.033088
2.14178e-10	-0.0322922
2.14265e-10	-0.0315027
2.14352e-10	-0.0307196
2.14439e-10	-0.0299427
2.14526e-10	-0.0291721
2.14613e-10	-0.0284079
2.147e-10	-0.0276498
2.14787e-10	-0.0268981
2.14874e-10	-0.0261526
2.14961e-10	-0.0254134
2.15048e-10	-0.0246804
2.15135e-10	-0.0239536
2.15222e-10	-0.0232331
2.15309e-10	-0.0225187
2.15396e-10	-0.0218105
2.15483e-10	-0.0211086
2.15571e-10	-0.0204127
2.15658e-10	-0.0197231
2.15745e-10	-0.0190395
2.15832e-10	-0.0183621
2.15919e-10	-0.0176908
2.16006e-10	-0.0170256
2.16093e-10	-0.0163665
2.1618e-10	-0.0157135
2.16267e-10	-0.0150665
2.16354e-10	-0.0144255
2.16441e-10	-0.0137906
2.16528e-10	-0.0131617
2.16615e-10	-0.0125387
2.16702e-10	-0.0119218
2.16789e-10	-0.0113108
2.16876e-10	-0.0107057
2.16964e-10	-0.0101065
2.17051e-10	-0.00951329
2.17138e-10	-0.00892593
2.17225e-10	-0.00834443
2.17312e-10	-0.00776878
2.17399e-10	-0.00719896
2.17486e-10	-0.00663494
2.17573e-10	-0.00607672
2.1766e-10	-0.00552427
2.17747e-10	-0.00497757
2.17834e-10	-0.0044366
2.17921e-10	-0.00390134
2.18008e-10	-0.00337177
2.18095e-10	-0.00284786
2.18182e-10	-0.00232961
2.1827e-10	-0.00181698
2.18357e-10	-0.00130996
2.18444e-10	-0.000808526
2.18531e-10	-0.00031265
2.18618e-10	0.000177686
2.18705e-10	0.000662504
2.18792e-10	0.00114183
2.18879e-10	0.00161568
2.18966e-10	0.00208408
2.19053e-10	0.00254705
2.1914e-10	0.00300463
2.19227e-10	0.00345682
2.19314e-10	0.00390365
2.19401e-10	0.00434516
2.19488e-10	0.00478135
2.19575e-10	0.00521226
2.19663e-10	0.00563791
2.1975e-10	0.00605833
2.19837e-10	0.00647353
2.19924e-10	0.00688355
2.20011e-10	0.00728841
2.20098e-10	0.00768813
2.20185e-10	0.00808274
2.20272e-10	0.00847226
2.20359e-10	0.00885672
2.20446e-10	0.00923615
2.20533e-10	0.00961057
2.2062e-10	0.00998
2.20707e-10	0.0103445
2.20794e-10	0.010704
2.20881e-10	0.0110587
2.20969e-10	0.0114084
2.21056e-10	0.0117533
2.21143e-10	0.0120934
2.2123e-10	0.0124287
2.21317e-10	0.0127592
2.21404e-10	0.013085
2.21491e-10	0.0134061
2.21578e-10	0.0137224
2.21665e-10	0.0140341
2.21752e-10	0.0143412
2.21839e-10	0.0146436
2.21926e-10	0.0149415
2.22013e-10	0.0152348
2.221e-10	0.0155236
2.22187e-10	0.0158079
2.22274e-10	0.0160877
2.22362e-10	0.0163631
2.22449e-10	0.016634
2.22536e-10	0.0169006
2.22623e-10	0.0171628
2.2271e-10	0.0174206
2.22797e-10	0.0176742
2.22884e-10	0.0179235
2.22971e-10	0.0181685
2.23058e-10	0.0184094
2.23145e-10	0.018646
2.23232e-10	0.0188785
2.23319e-10	0.0191068
2.23406e-10	0.019331
2.23493e-10	0.0195512
2.2358e-10	0.0197673
2.23667e-10	0.0199793
2.23755e-10	0.0201874
2.23842e-10	0.0203915
2.23929e-10	0.0205917
2.24016e-10	0.020788
2.24103e-10	0.0209803
2.2419e-10	0.0211689
2.24277e-10	0.0213536
2.24364e-10	0.0215345
2.24451e-10	0.0217117
2.24538e-10	0.0218851
2.24625e-10	0.0220548
2.24712e-10	0.0222208
2.24799e-10	0.0223832
2.24886e-10	0.0225419
2.24973e-10	0.0226971
2.25061e-10	0.0228487
2.25148e-10	0.0229967
2.25235e-10	0.0231413
2.25322e-10	0.0232824
2.25409e-10	0.02342
2.25496e-10	0.0235541
2.25583e-10	0.0236849
2.2567e-10	0.0238124
2.25757e-10	0.0239364
2.25844e-10	0.0240572
2.25931e-10	0.0241747
2.26018e-10	0.0242889
2.26105e-10	0.0243999
2.26192e-10	0.0245077
2.26279e-10	0.0246124
2.26366e-10	0.0247139
2.26454e-10	0.0248122
2.26541e-10	0.0249075
2.26628e-10	0.0249998
2.26715e-10	0.025089
2.26802e-10	0.0251752
2.26889e-10	0.0252584
2.26976e-10	0.0253386
2.27063e-10	0.025416
2.2715e-10	0.0254905
2.27237e-10	0.025562
2.27324e-10	0.0256308
2.27411e-10	0.0256967
2.27498e-10	0.0257599
2.27585e-10	0.0258203
2.27672e-10	0.025878
2.27759e-10	0.025933
2.27847e-10	0.0259852
2.27934e-10	0.0260349
2.28021e-10	0.0260819
2.28108e-10	0.0261263
2.28195e-10	0.0261682
2.28282e-10	0.0262075
2.28369e-10	0.0262443
2.28456e-10	0.0262786
2.28543e-10	0.0263105
2.2863e-10	0.0263399
2.28717e-10	0.0263669
2.28804e-10	0.0263915
2.28891e-10	0.0264138
2.28978e-10	0.0264337
2.29065e-10	0.0264513
2.29153e-10	0.0264667
2.2924e-10	0.0264798
2.29327e-10	0.0264906
2.29414e-10	0.0264993
2.29501e-10	0.0265057
2.29588e-10	0.02651
2.29675e-10	0.0265122
2.29762e-10	0.0265123
2.29849e-10	0.0265103
2.29936e-10	0.0265063
2.30023e-10	0.0265002
2.3011e-10	0.0264921
2.30197e-10	0.026482
2.30284e-10	0.02647
2.30371e-10	0.026456
2.30458e-10	0.0264402
2.30546e-10	0.0264224
2.30633e-10	0.0264028
2.3072e-10	0.0263813
2.30807e-10	0.0263581
2.30894e-10	0.026333
2.30981e-10	0.0263062
2.31068e-10	0.0262776
2.31155e-10	0.0262474
2.31242e-10	0.0262154
2.31329e-10	0.0261817
2.31416e-10	0.0261464
2.31503e-10	0.0261095
2.3159e-10	0.026071
2.31677e-10	0.0260308
2.31764e-10	0.0259892
2.31852e-10	0.0259459
2.31939e-10	0.0259012
2.32026e-10	0.025855
2.32113e-10	0.0258073
2.322e-10	0.0257581
2.32287e-10	0.0257075
2.32374e-10	0.0256555
2.32461e-10	0.0256022
2.32548e-10	0.0255474
2.32635e-10	0.0254913
2.32722e-10	0.0254339
2.32809e-10	0.0253752
2.32896e-10	0.0253152
2.32983e-10	0.0252539
2.3307e-10	0.0251914
2.33157e-10	0.0251277
2.33245e-10	0.0250628
2.33332e-10	0.0249967
2.33419e-10	0.0249294
2.33506e-10	0.024861
2.33593e-10	0.0247915
2.3368e-10	0.0247209
2.33767e-10	0.0246492
2.33854e-10	0.0245764
2.33941e-10	0.0245026
2.34028e-10	0.0244278
2.34115e-10	0.0243519
2.34202e-10	0.0242751
2.34289e-10	0.0241973
2.34376e-10	0.0241185
2.34463e-10	0.0240389
2.3455e-10	0.0239583
2.34638e-10	0.0238768
2.34725e-10	0.0237944
2.34812e-10	0.0237112
2.34899e-10	0.0236271
2.34986e-10	0.0235422
2.35073e-10	0.0234565
2.3516e-10	0.02337
2.35247e-10	0.0232827
2.35334e-10	0.0231947
2.35421e-10	0.0231059
2.35508e-10	0.0230165
2.35595e-10	0.0229263
2.35682e-10	0.0228354
2.35769e-10	0.0227438
2.35856e-10	0.0226516
2.35944e-10	0.0225587
2.36031e-10	0.0224653
2.36118e-10	0.0223712
2.36205e-10	0.0222765
2.36292e-10	0.0221812
2.36379e-10	0.0220854
2.36466e-10	0.021989
2.36553e-10	0.0218921
2.3664e-10	0.0217947
2.36727e-10	0.0216967
2.36814e-10	0.0215983
2.36901e-10	0.0214994
2.36988e-10	0.0214001
2.37075e-10	0.0213003
2.37162e-10	0.0212
2.37249e-10	0.0210994
2.37337e-10	0.0209983
2.37424e-10	0.0208969
2.37511e-10	0.0207951
2.37598e-10	0.0206929
2.37685e-10	0.0205903
2.37772e-10	0.0204875
2.37859e-10	0.0203843
2.37946e-10	0.0202808
2.38033e-10	0.020177
2.3812e-10	0.0200729
2.38207e-10	0.0199685
2.38294e-10	0.0198639
2.38381e-10	0.019759
2.38468e-10	0.0196539
2.38555e-10	0.0195486
2.38643e-10	0.0194431
2.3873e-10	0.0193373
2.38817e-10	0.0192314
2.38904e-10	0.0191253
2.38991e-10	0.0190191
2.39078e-10	0.0189126
2.39165e-10	0.0188061
2.39252e-10	0.0186994
2.39339e-10	0.0185926
2.39426e-10	0.0184856
2.39513e-10	0.0183786
2.396e-10	0.0182715
2.39687e-10	0.0181643
2.39774e-10	0.0180571
2.39861e-10	0.0179497
2.39948e-10	0.0178424
2.40036e-10	0.017735
2.40123e-10	0.0176275
2.4021e-10	0.0175201
2.40297e-10	0.0174126
2.40384e-10	0.0173052
2.40471e-10	0.0171977
2.40558e-10	0.0170903
2.40645e-10	0.0169829
2.40732e-10	0.0168755
2.40819e-10	0.0167682
2.40906e-10	0.016661
2.40993e-10	0.0165538
2.4108e-10	0.0164466
2.41167e-10	0.0163396
2.41254e-10	0.0162326
2.41341e-10	0.0161258
2.41429e-10	0.016019
2.41516e-10	0.0159124
2.41603e-10	0.0158059
2.4169e-10	0.0156995
2.41777e-10	0.0155932
2.41864e-10	0.0154871
2.41951e-10	0.0153811
2.42038e-10	0.0152753
2.42125e-10	0.0151697
2.42212e-10	0.0150642
2.42299e-10	0.0149589
2.42386e-10	0.0148538
2.42473e-10	0.0147489
2.4256e-10	0.0146442
2.42647e-10	0.0145397
2.42735e-10	0.0144355
2.42822e-10	0.0143314
2.42909e-10	0.0142276
2.42996e-10	0.0141239
2.43083e-10	0.0140206
2.4317e-10	0.0139175
2.43257e-10	0.0138146
2.43344e-10	0.013712
2.43431e-10	0.0136096
2.43518e-10	0.0135075
2.43605e-10	0.0134057
2.43692e-10	0.0133041
2.43779e-10	0.0132029
2.43866e-10	0.0131019
2.43953e-10	0.0130012
2.4404e-10	0.0129009
2.44128e-10	0.0128008
2.44215e-10	0.012701
2.44302e-10	0.0126016
2.44389e-10	0.0125024
2.44476e-10	0.0124036
2.44563e-10	0.0123051
2.4465e-10	0.012207
2.44737e-10	0.0121091
2.44824e-10	0.0120117
2.44911e-10	0.0119145
2.44998e-10	0.0118177
2.45085e-10	0.0117213
2.45172e-10	0.0116252
2.45259e-10	0.0115295
2.45346e-10	0.0114341
2.45433e-10	0.0113391
2.45521e-10	0.0112445
2.45608e-10	0.0111502
2.45695e-10	0.0110564
2.45782e-10	0.0109629
2.45869e-10	0.0108698
2.45956e-10	0.010777
2.46043e-10	0.0106847
2.4613e-10	0.0105928
2.46217e-10	0.0105012
2.46304e-10	0.0104101
2.46391e-10	0.0103193
2.46478e-10	0.010229
2.46565e-10	0.010139
2.46652e-10	0.0100495
2.46739e-10	0.00996037
2.46827e-10	0.00987167
2.46914e-10	0.00978338
2.47001e-10	0.00969551
2.47088e-10	0.00960806
2.47175e-10	0.00952103
2.47262e-10	0.00943443
2.47349e-10	0.00934825
2.47436e-10	0.00926251
2.47523e-10	0.00917719
2.4761e-10	0.00909231
2.47697e-10	0.00900786
2.47784e-10	0.00892384
2.47871e-10	0.00884026
2.47958e-10	0.00875712
2.48045e-10	0.00867443
2.48132e-10	0.00859217
2.4822e-10	0.00851035
2.48307e-10	0.00842899
2.48394e-10	0.00834806
2.48481e-10	0.00826758
2.48568e-10	0.00818755
2.48655e-10	0.00810797
2.48742e-10	0.00802884
2.48829e-10	0.00795016
2.48916e-10	0.00787194
2.49003e-10	0.00779416
2.4909e-10	0.00771684
2.49177e-10	0.00763997
2.49264e-10	0.00756356
2.49351e-10	0.0074876
2.49438e-10	0.00741209
2.49526e-10	0.00733705
2.49613e-10	0.00726246
2.497e-10	0.00718833
2.49787e-10	0.00711465
2.49874e-10	0.00704144
2.49961e-10	0.00696868
2.50048e-10	0.00689638
2.50135e-10	0.00682454
2.50222e-10	0.00675316
2.50309e-10	0.00668223
2.50396e-10	0.00661177
2.50483e-10	0.00654176
2.5057e-10	0.00647222
2.50657e-10	0.00640313
2.50744e-10	0.0063345
2.50831e-10	0.00626633
2.50919e-10	0.00619862
2.51006e-10	0.00613136
2.51093e-10	0.00606457
2.5118e-10	0.00599823
2.51267e-10	0.00593235
2.51354e-10	0.00586692
2.51441e-10	0.00580195
2.51528e-10	0.00573744
2.51615e-10	0.00567338
2.51702e-10	0.00560977
2.51789e-10	0.00554662
2.51876e-10	0.00548392
2.51963e-10	0.00542168
2.5205e-10	0.00535988
2.52137e-10	0.00529854
2.52224e-10	0.00523765
2.52312e-10	0.00517721
2.52399e-10	0.00511721
2.52486e-10	0.00505767
2.52573e-10	0.00499857
2.5266e-10	0.00493991
2.52747e-10	0.00488171
2.52834e-10	0.00482394
2.52921e-10	0.00476662
2.53008e-10	0.00470974
2.53095e-10	0.0046533
2.53182e-10	0.0045973
2.53269e-10	0.00454174
2.53356e-10	0.00448662
2.53443e-10	0.00443193
2.5353e-10	0.00437768
2.53618e-10	0.00432386
2.53705e-10	0.00427048
2.53792e-10	0.00421752
2.53879e-10	0.004165
2.53966e-10	0.0041129
2.54053e-10	0.00406123
2.5414e-10	0.00400999
2.54227e-10	0.00395917
2.54314e-10	0.00390878
2.54401e-10	0.0038588
2.54488e-10	0.00380925
2.54575e-10	0.00376011
2.54662e-10	0.00371139
2.54749e-10	0.00366309
2.54836e-10	0.0036152
2.54923e-10	0.00356773
2.55011e-10	0.00352066
2.55098e-10	0.003474
2.55185e-10	0.00342775
2.55272e-10	0.00338191
2.55359e-10	0.00333647
2.55446e-10	0.00329143
2.55533e-10	0.0032468
2.5562e-10	0.00320256
2.55707e-10	0.00315872
2.55794e-10	0.00311528
2.55881e-10	0.00307223
2.55968e-10	0.00302957
2.56055e-10	0.00298731
2.56142e-10	0.00294543
2.56229e-10	0.00290394
2.56316e-10	0.00286283
2.56404e-10	0.00282211
2.56491e-10	0.00278177
2.56578e-10	0.00274181
2.56665e-10	0.00270222
2.56752e-10	0.00266301
2.56839e-10	0.00262418
2.56926e-10	0.00258572
2.57013e-10	0.00254762
2.571e-10	0.0025099
2.57187e-10	0.00247254
2.57274e-10	0.00243555
2.57361e-10	0.00239891
2.57448e-10	0.00236264
2.57535e-10	0.00232673
2.57622e-10	0.00229118
2.5771e-10	0.00225597
2.57797e-10	0.00222113
2.57884e-10	0.00218663
2.57971e-10	0.00215248
2.58058e-10	0.00211867
2.58145e-10	0.00208522
2.58232e-10	0.0020521
2.58319e-10	0.00201933
2.58406e-10	0.00198689
2.58493e-10	0.00195479
2.5858e-10	0.00192302
2.58667e-10	0.00189159
2.58754e-10	0.00186049
2.58841e-10	0.00182971
2.58928e-10	0.00179927
2.59015e-10	0.00176914
2.59103e-10	0.00173934
2.5919e-10	0.00170986
2.59277e-10	0.0016807
2.59364e-10	0.00165185
2.59451e-10	0.00162332
2.59538e-10	0.0015951
2.59625e-10	0.00156719
2.59712e-10	0.00153959
2.59799e-10	0.00151229
2.59886e-10	0.0014853
2.59973e-10	0.00145861
2.6006e-10	0.00143222
2.60147e-10	0.00140613
2.60234e-10	0.00138033
2.60321e-10	0.00135482
2.60409e-10	0.00132961
2.60496e-10	0.00130469
2.60583e-10	0.00128005
2.6067e-10	0.0012557
2.60757e-10	0.00123164
2.60844e-10	0.00120785
2.60931e-10	0.00118434
2.61018e-10	0.00116111
2.61105e-10	0.00113816
2.61192e-10	0.00111548
2.61279e-10	0.00109307
2.61366e-10	0.00107093
2.61453e-10	0.00104905
2.6154e-10	0.00102744
2.61627e-10	0.00100609
2.61714e-10	0.000985009
2.61802e-10	0.000964182
2.61889e-10	0.000943612
2.61976e-10	0.000923296
2.62063e-10	0.000903234
2.6215e-10	0.000883422
2.62237e-10	0.000863859
2.62324e-10	0.000844543
2.62411e-10	0.000825472
2.62498e-10	0.000806644
2.62585e-10	0.000788056
2.62672e-10	0.000769708
2.62759e-10	0.000751596
2.62846e-10	0.000733719
2.62933e-10	0.000716076
2.6302e-10	0.000698663
2.63107e-10	0.00068148
2.63195e-10	0.000664524
2.63282e-10	0.000647793
2.63369e-10	0.000631285
2.63456e-10	0.000614999
2.63543e-10	0.000598932
2.6363e-10	0.000583083
2.63717e-10	0.000567449
2.63804e-10	0.000552029
2.63891e-10	0.000536821
2.63978e-10	0.000521824
2.64065e-10	0.000507034
2.64152e-10	0.000492451
2.64239e-10	0.000478072
2.64326e-10	0.000463895
2.64413e-10	0.00044992
2.64501e-10	0.000436143
2.64588e-10	0.000422563
2.64675e-10	0.000409179
2.64762e-10	0.000395988
2.64849e-10	0.000382988
2.64936e-10	0.000370179
2.65023e-10	0.000357557
2.6511e-10	0.000345122
2.65197e-10	0.000332871
2.65284e-10	0.000320803
2.65371e-10	0.000308916
2.65458e-10	0.000297208
2.65545e-10	0.000285678
2.65632e-10	0.000274323
2.65719e-10	0.000263142
2.65806e-10	0.000252134
2.65894e-10	0.000241296
2.65981e-10	0.000230627
2.66068e-10	0.000220126
2.66155e-10	0.00020979
2.66242e-10	0.000199617
2.66329e-10	0.000189607
2.66416e-10	0.000179758
2.66503e-10	0.000170067
2.6659e-10	0.000160534
2.66677e-10	0.000151156
2.66764e-10	0.000141933
2.66851e-10	0.000132861
2.66938e-10	0.000123941
2.67025e-10	0.00011517
2.67112e-10	0.000106546
2.672e-10	9.80689e-05
2.67287e-10	8.97361e-05
2.67374e-10	8.15462e-05
2.67461e-10	7.34977e-05
2.67548e-10	6.55892e-05
2.67635e-10	5.7819e-05
2.67722e-10	5.01857e-05
2.67809e-10	4.26878e-05
2.67896e-10	3.53237e-05
2.67983e-10	2.80921e-05
2.6807e-10	2.09913e-05
2.68157e-10	1.402e-05
2.68244e-10	7.17662e-06
2.68331e-10	4.59821e-07
2.68418e-10	-6.13187e-06
2.68505e-10	-1.25999e-05
2.68593e-10	-1.89456e-05
2.6868e-10	-2.51706e-05
2.68767e-10	-3.1276e-05
2.68854e-10	-3.72634e-05
2.68941e-10	-4.31341e-05
2.69028e-10	-4.88895e-05
2.69115e-10	-5.45309e-05
2.69202e-10	-6.00598e-05
2.69289e-10	-6.54773e-05
2.69376e-10	-7.0785e-05
2.69463e-10	-7.5984e-05
2.6955e-10	-8.10757e-05
2.69637e-10	-8.60614e-05
2.69724e-10	-9.09424e-05
2.69811e-10	-9.572e-05
2.69898e-10	-0.000100395
2.69986e-10	-0.00010497
2.70073e-10	-0.000109445
2.7016e-10	-0.000113821
2.70247e-10	-0.000118101
2.70334e-10	-0.000122284
2.70421e-10	-0.000126373
2.70508e-10	-0.000130368
2.70595e-10	-0.000134271
2.70682e-10	-0.000138083
2.70769e-10	-0.000141805
2.70856e-10	-0.000145438
2.70943e-10	-0.000148983
2.7103e-10	-0.000152442
2.71117e-10	-0.000155815
2.71204e-10	-0.000159105
2.71292e-10	-0.000162311
2.71379e-10	-0.000165435
2.71466e-10	-0.000168479
2.71553e-10	-0.000171442
2.7164e-10	-0.000174327
2.71727e-10	-0.000177135
2.71814e-10	-0.000179866
2.71901e-10	-0.000182521
2.71988e-10	-0.000185102
2.72075e-10	-0.000187609
2.72162e-10	-0.000190044
2.72249e-10	-0.000192408
2.72336e-10	-0.000194701
2.72423e-10	-0.000196925
2.7251e-10	-0.00019908
2.72597e-10	-0.000201168
2.72685e-10	-0.00020319
2.72772e-10	-0.000205146
2.72859e-10	-0.000207038
2.72946e-10	-0.000208866
2.73033e-10	-0.000210632
2.7312e-10	-0.000212336
2.73207e-10	-0.000213979
2.73294e-10	-0.000215562
2.73381e-10	-0.000217087
2.73468e-10	-0.000218553
2.73555e-10	-0.000219962
2.73642e-10	-0.000221315
2.73729e-10	-0.000222612
2.73816e-10	-0.000223855
2.73903e-10	-0.000225045
2.7399e-10	-0.000226181
2.74078e-10	-0.000227265
2.74165e-10	-0.000228298
2.74252e-10	-0.000229281
2.74339e-10	-0.000230214
2.74426e-10	-0.000231098
2.74513e-10	-0.000231935
2.746e-10	-0.000232724
2.74687e-10	-0.000233467
2.74774e-10	-0.000234164
2.74861e-10	-0.000234816
2.74948e-10	-0.000235424
2.75035e-10	-0.000235989
2.75122e-10	-0.000236511
2.75209e-10	-0.000236992
2.75296e-10	-0.000237431
2.75384e-10	-0.000237829
2.75471e-10	-0.000238188
2.75558e-10	-0.000238508
2.75645e-10	-0.000238789
2.75732e-10	-0.000239033
2.75819e-10	-0.000239239
2.75906e-10	-0.00023941
2.75993e-10	-0.000239544
2.7608e-10	-0.000239644
2.76167e-10	-0.000239709
2.76254e-10	-0.00023974
2.76341e-10	-0.000239739
2.76428e-10	-0.000239704
2.76515e-10	-0.000239638
2.76602e-10	-0.000239541
2.76689e-10	-0.000239413
2.76777e-10	-0.000239255
2.76864e-10	-0.000239067
2.76951e-10	-0.000238851
2.77038e-10	-0.000238606
2.77125e-10	-0.000238334
2.77212e-10	-0.000238034
2.77299e-10	-0.000237708
2.77386e-10	-0.000237356
2.77473e-10	-0.000236978
2.7756e-10	-0.000236575
2.77647e-10	-0.000236148
2.77734e-10	-0.000235697
2.77821e-10	-0.000235222
2.77908e-10	-0.000234724
2.77995e-10	-0.000234204
2.78083e-10	-0.000233662
2.7817e-10	-0.000233099
2.78257e-10	-0.000232515
2.78344e-10	-0.00023191
2.78431e-10	-0.000231285
2.78518e-10	-0.000230641
2.78605e-10	-0.000229978
2.78692e-10	-0.000229296
2.78779e-10	-0.000228596
2.78866e-10	-0.000227878
2.78953e-10	-0.000227143
2.7904e-10	-0.000226391
2.79127e-10	-0.000225622
2.79214e-10	-0.000224838
2.79301e-10	-0.000224038
2.79388e-10	-0.000223223
2.79476e-10	-0.000222393
2.79563e-10	-0.000221549
2.7965e-10	-0.00022069
2.79737e-10	-0.000219818
2.79824e-10	-0.000218933
2.79911e-10	-0.000218035
2.79998e-10	-0.000217125
2.80085e-10	-0.000216202
2.80172e-10	-0.000215268
2.80259e-10	-0.000214322
2.80346e-10	-0.000213366
2.80433e-10	-0.000212398
2.8052e-10	-0.00021142
2.80607e-10	-0.000210432
2.80694e-10	-0.000209435
2.80781e-10	-0.000208428
2.80869e-10	-0.000207412
2.80956e-10	-0.000206387
2.81043e-10	-0.000205354
2.8113e-10	-0.000204313
2.81217e-10	-0.000203264
2.81304e-10	-0.000202207
2.81391e-10	-0.000201143
2.81478e-10	-0.000200072
2.81565e-10	-0.000198995
2.81652e-10	-0.000197911
2.81739e-10	-0.000196821
2.81826e-10	-0.000195726
2.81913e-10	-0.000194624
2.82e-10	-0.000193518
2.82087e-10	-0.000192406
2.82175e-10	-0.000191289
2.82262e-10	-0.000190168
2.82349e-10	-0.000189043
2.82436e-10	-0.000187913
2.82523e-10	-0.00018678
2.8261e-10	-0.000185643
2.82697e-10	-0.000184503
2.82784e-10	-0.00018336
2.82871e-10	-0.000182214
2.82958e-10	-0.000181065
2.83045e-10	-0.000179913
2.83132e-10	-0.000178759
2.83219e-10	-0.000177604
2.83306e-10	-0.000176446
2.83393e-10	-0.000175286
2.8348e-10	-0.000174126
2.83568e-10	-0.000172964
2.83655e-10	-0.0001718
2.83742e-10	-0.000170636
2.83829e-10	-0.000169471
2.83916e-10	-0.000168306
2.84003e-10	-0.00016714
2.8409e-10	-0.000165974
2.84177e-10	-0.000164808
2.84264e-10	-0.000163642
2.84351e-10	-0.000162477
2.84438e-10	-0.000161312
2.84525e-10	-0.000160147
2.84612e-10	-0.000158983
2.84699e-10	-0.00015782
2.84786e-10	-0.000156659
2.84873e-10	-0.000155498
2.84961e-10	-0.000154339
2.85048e-10	-0.000153181
2.85135e-10	-0.000152025
2.85222e-10	-0.00015087
2.85309e-10	-0.000149718
2.85396e-10	-0.000148567
2.85483e-10	-0.000147419
2.8557e-10	-0.000146273
2.85657e-10	-0.000145129
2.85744e-10	-0.000143988
2.85831e-10	-0.000142849
2.85918e-10	-0.000141713
2.86005e-10	-0.00014058
2.86092e-10	-0.000139449
2.86179e-10	-0.000138322
2.86267e-10	-0.000137198
2.86354e-10	-0.000136077
2.86441e-10	-0.000134959
2.86528e-10	-0.000133845
2.86615e-10	-0.000132734
2.86702e-10	-0.000131627
2.86789e-10	-0.000130524
2.86876e-10	-0.000129424
2.86963e-10	-0.000128328
2.8705e-10	-0.000127236
2.87137e-10	-0.000126149
2.87224e-10	-0.000125065
2.87311e-10	-0.000123985
2.87398e-10	-0.00012291
2.87485e-10	-0.000121839
2.87572e-10	-0.000120772
2.8766e-10	-0.00011971
2.87747e-10	-0.000118652
2.87834e-10	-0.000117598
