4.3532e-14	-0.000117101
1.30596e-13	-0.000118152
2.1766e-13	-0.000119207
3.04724e-13	-0.000120268
3.91788e-13	-0.000121332
4.78852e-13	-0.000122401
5.65916e-13	-0.000123475
6.5298e-13	-0.000124552
7.40044e-13	-0.000125634
8.27108e-13	-0.00012672
9.14172e-13	-0.00012781
1.00124e-12	-0.000128904
1.0883e-12	-0.000130002
1.17536e-12	-0.000131104
1.26243e-12	-0.000132209
1.34949e-12	-0.000133318
1.43656e-12	-0.000134431
1.52362e-12	-0.000135547
1.61068e-12	-0.000136666
1.69775e-12	-0.000137789
1.78481e-12	-0.000138914
1.87188e-12	-0.000140043
1.95894e-12	-0.000141175
2.046e-12	-0.00014231
2.13307e-12	-0.000143447
2.22013e-12	-0.000144587
2.3072e-12	-0.00014573
2.39426e-12	-0.000146875
2.48132e-12	-0.000148022
2.56839e-12	-0.000149172
2.65545e-12	-0.000150324
2.74252e-12	-0.000151477
2.82958e-12	-0.000152633
2.91664e-12	-0.00015379
3.00371e-12	-0.000154948
3.09077e-12	-0.000156108
3.17784e-12	-0.000157269
3.2649e-12	-0.000158432
3.35197e-12	-0.000159595
3.43903e-12	-0.000160759
3.52609e-12	-0.000161924
3.61316e-12	-0.00016309
3.70022e-12	-0.000164255
3.78729e-12	-0.000165421
3.87435e-12	-0.000166587
3.96141e-12	-0.000167753
4.04848e-12	-0.000168919
4.13554e-12	-0.000170084
4.22261e-12	-0.000171248
4.30967e-12	-0.000172412
4.39673e-12	-0.000173575
4.4838e-12	-0.000174736
4.57086e-12	-0.000175896
4.65793e-12	-0.000177055
4.74499e-12	-0.000178212
4.83205e-12	-0.000179366
4.91912e-12	-0.000180519
5.00618e-12	-0.000181669
5.09325e-12	-0.000182817
5.18031e-12	-0.000183961
5.26737e-12	-0.000185103
5.35444e-12	-0.000186242
5.4415e-12	-0.000187377
5.52857e-12	-0.000188508
5.61563e-12	-0.000189635
5.70269e-12	-0.000190758
5.78976e-12	-0.000191877
5.87682e-12	-0.000192991
5.96389e-12	-0.0001941
6.05095e-12	-0.000195204
6.13801e-12	-0.000196302
6.22508e-12	-0.000197395
6.31214e-12	-0.000198482
6.39921e-12	-0.000199562
6.48627e-12	-0.000200636
6.57333e-12	-0.000201704
6.6604e-12	-0.000202764
6.74746e-12	-0.000203816
6.83453e-12	-0.000204861
6.92159e-12	-0.000205898
7.00865e-12	-0.000206927
7.09572e-12	-0.000207947
7.18278e-12	-0.000208959
7.26985e-12	-0.000209961
7.35691e-12	-0.000210953
7.44397e-12	-0.000211936
7.53104e-12	-0.000212908
7.6181e-12	-0.00021387
7.70517e-12	-0.000214821
7.79223e-12	-0.000215761
7.87929e-12	-0.000216689
7.96636e-12	-0.000217605
8.05342e-12	-0.000218509
8.14049e-12	-0.0002194
8.22755e-12	-0.000220279
8.31461e-12	-0.000221143
8.40168e-12	-0.000221994
8.48874e-12	-0.000222831
8.57581e-12	-0.000223653
8.66287e-12	-0.000224461
8.74993e-12	-0.000225252
8.837e-12	-0.000226028
8.92406e-12	-0.000226788
9.01113e-12	-0.000227531
9.09819e-12	-0.000228257
9.18525e-12	-0.000228966
9.27232e-12	-0.000229657
9.35938e-12	-0.000230329
9.44645e-12	-0.000230982
9.53351e-12	-0.000231616
9.62058e-12	-0.000232231
9.70764e-12	-0.000232825
9.7947e-12	-0.000233398
9.88177e-12	-0.00023395
9.96883e-12	-0.000234481
1.00559e-11	-0.000234989
1.0143e-11	-0.000235474
1.023e-11	-0.000235937
1.03171e-11	-0.000236376
1.04042e-11	-0.00023679
1.04912e-11	-0.00023718
1.05783e-11	-0.000237544
1.06653e-11	-0.000237883
1.07524e-11	-0.000238195
1.08395e-11	-0.000238481
1.09265e-11	-0.000238739
1.10136e-11	-0.000238968
1.11007e-11	-0.00023917
1.11877e-11	-0.000239342
1.12748e-11	-0.000239484
1.13619e-11	-0.000239596
1.14489e-11	-0.000239677
1.1536e-11	-0.000239726
1.1623e-11	-0.000239744
1.17101e-11	-0.000239728
1.17972e-11	-0.000239679
1.18842e-11	-0.000239596
1.19713e-11	-0.000239478
1.20584e-11	-0.000239324
1.21454e-11	-0.000239135
1.22325e-11	-0.000238909
1.23196e-11	-0.000238646
1.24066e-11	-0.000238344
1.24937e-11	-0.000238004
1.25808e-11	-0.000237625
1.26678e-11	-0.000237205
1.27549e-11	-0.000236744
1.28419e-11	-0.000236242
1.2929e-11	-0.000235698
1.30161e-11	-0.00023511
1.31031e-11	-0.000234479
1.31902e-11	-0.000233803
1.32773e-11	-0.000233082
1.33643e-11	-0.000232315
1.34514e-11	-0.000231501
1.35385e-11	-0.000230639
1.36255e-11	-0.00022973
1.37126e-11	-0.00022877
1.37996e-11	-0.000227761
1.38867e-11	-0.000226701
1.39738e-11	-0.00022559
1.40608e-11	-0.000224426
1.41479e-11	-0.000223209
1.4235e-11	-0.000221937
1.4322e-11	-0.000220611
1.44091e-11	-0.000219228
1.44962e-11	-0.000217789
1.45832e-11	-0.000216292
1.46703e-11	-0.000214737
1.47574e-11	-0.000213122
1.48444e-11	-0.000211447
1.49315e-11	-0.000209711
1.50185e-11	-0.000207913
1.51056e-11	-0.000206051
1.51927e-11	-0.000204126
1.52797e-11	-0.000202135
1.53668e-11	-0.000200079
1.54539e-11	-0.000197955
1.55409e-11	-0.000195764
1.5628e-11	-0.000193504
1.57151e-11	-0.000191174
1.58021e-11	-0.000188773
1.58892e-11	-0.0001863
1.59762e-11	-0.000183754
1.60633e-11	-0.000181134
1.61504e-11	-0.000178439
1.62374e-11	-0.000175668
1.63245e-11	-0.00017282
1.64116e-11	-0.000169894
1.64986e-11	-0.000166888
1.65857e-11	-0.000163803
1.66728e-11	-0.000160635
1.67598e-11	-0.000157386
1.68469e-11	-0.000154052
1.6934e-11	-0.000150634
1.7021e-11	-0.000147129
1.71081e-11	-0.000143538
1.71951e-11	-0.000139859
1.72822e-11	-0.00013609
1.73693e-11	-0.00013223
1.74563e-11	-0.000128279
1.75434e-11	-0.000124235
1.76305e-11	-0.000120096
1.77175e-11	-0.000115862
1.78046e-11	-0.000111532
1.78917e-11	-0.000107104
1.79787e-11	-0.000102577
1.80658e-11	-9.79495e-05
1.81528e-11	-9.32205e-05
1.82399e-11	-8.83887e-05
1.8327e-11	-8.34528e-05
1.8414e-11	-7.84115e-05
1.85011e-11	-7.32635e-05
1.85882e-11	-6.80076e-05
1.86752e-11	-6.26423e-05
1.87623e-11	-5.71664e-05
1.88494e-11	-5.15785e-05
1.89364e-11	-4.58773e-05
1.90235e-11	-4.00615e-05
1.91106e-11	-3.41296e-05
1.91976e-11	-2.80803e-05
1.92847e-11	-2.19122e-05
1.93717e-11	-1.56239e-05
1.94588e-11	-9.21404e-06
1.95459e-11	-2.68116e-06
1.96329e-11	3.97614e-06
1.972e-11	1.07593e-05
1.98071e-11	1.76698e-05
1.98941e-11	2.4709e-05
1.99812e-11	3.18784e-05
2.00683e-11	3.91795e-05
2.01553e-11	4.66138e-05
2.02424e-11	5.41827e-05
2.03295e-11	6.18878e-05
2.04165e-11	6.97305e-05
2.05036e-11	7.77125e-05
2.05906e-11	8.58351e-05
2.06777e-11	9.41e-05
2.07648e-11	0.000102509
2.08518e-11	0.000111063
2.09389e-11	0.000119764
2.1026e-11	0.000128613
2.1113e-11	0.000137613
2.12001e-11	0.000146764
2.12872e-11	0.000156068
2.13742e-11	0.000165527
2.14613e-11	0.000175143
2.15483e-11	0.000184917
2.16354e-11	0.000194851
2.17225e-11	0.000204946
2.18095e-11	0.000215204
2.18966e-11	0.000225627
2.19837e-11	0.000236217
2.20707e-11	0.000246974
2.21578e-11	0.000257901
2.22449e-11	0.000269
2.23319e-11	0.000280272
2.2419e-11	0.000291719
2.25061e-11	0.000303342
2.25931e-11	0.000315144
2.26802e-11	0.000327126
2.27672e-11	0.00033929
2.28543e-11	0.000351638
2.29414e-11	0.000364171
2.30284e-11	0.000376891
2.31155e-11	0.0003898
2.32026e-11	0.0004029
2.32896e-11	0.000416193
2.33767e-11	0.00042968
2.34638e-11	0.000443363
2.35508e-11	0.000457244
2.36379e-11	0.000471325
2.37249e-11	0.000485607
2.3812e-11	0.000500094
2.38991e-11	0.000514785
2.39861e-11	0.000529684
2.40732e-11	0.000544792
2.41603e-11	0.000560111
2.42473e-11	0.000575643
2.43344e-11	0.00059139
2.44215e-11	0.000607353
2.45085e-11	0.000623535
2.45956e-11	0.000639938
2.46827e-11	0.000656563
2.47697e-11	0.000673412
2.48568e-11	0.000690487
2.49438e-11	0.000707791
2.50309e-11	0.000725325
2.5118e-11	0.000743091
2.5205e-11	0.000761091
2.52921e-11	0.000779326
2.53792e-11	0.0007978
2.54662e-11	0.000816514
2.55533e-11	0.00083547
2.56404e-11	0.00085467
2.57274e-11	0.000874115
2.58145e-11	0.000893809
2.59015e-11	0.000913752
2.59886e-11	0.000933947
2.60757e-11	0.000954396
2.61627e-11	0.000975101
2.62498e-11	0.000996064
2.63369e-11	0.00101729
2.64239e-11	0.00103877
2.6511e-11	0.00106052
2.65981e-11	0.00108253
2.66851e-11	0.00110482
2.67722e-11	0.00112737
2.68593e-11	0.00115019
2.69463e-11	0.00117329
2.70334e-11	0.00119667
2.71204e-11	0.00122032
2.72075e-11	0.00124426
2.72946e-11	0.00126847
2.73816e-11	0.00129297
2.74687e-11	0.00131776
2.75558e-11	0.00134283
2.76428e-11	0.0013682
2.77299e-11	0.00139386
2.7817e-11	0.00141981
2.7904e-11	0.00144606
2.79911e-11	0.00147261
2.80781e-11	0.00149946
2.81652e-11	0.00152661
2.82523e-11	0.00155406
2.83393e-11	0.00158183
2.84264e-11	0.0016099
2.85135e-11	0.00163829
2.86005e-11	0.00166698
2.86876e-11	0.00169599
2.87747e-11	0.00172532
2.88617e-11	0.00175497
2.89488e-11	0.00178494
2.90359e-11	0.00181524
2.91229e-11	0.00184586
2.921e-11	0.0018768
2.9297e-11	0.00190808
2.93841e-11	0.00193969
2.94712e-11	0.00197163
2.95582e-11	0.0020039
2.96453e-11	0.00203652
2.97324e-11	0.00206947
2.98194e-11	0.00210277
2.99065e-11	0.00213641
2.99936e-11	0.00217039
3.00806e-11	0.00220472
3.01677e-11	0.00223941
3.02547e-11	0.00227444
3.03418e-11	0.00230983
3.04289e-11	0.00234557
3.05159e-11	0.00238167
3.0603e-11	0.00241813
3.06901e-11	0.00245495
3.07771e-11	0.00249214
3.08642e-11	0.00252969
3.09513e-11	0.00256761
3.10383e-11	0.00260589
3.11254e-11	0.00264455
3.12125e-11	0.00268358
3.12995e-11	0.00272299
3.13866e-11	0.00276277
3.14736e-11	0.00280293
3.15607e-11	0.00284348
3.16478e-11	0.0028844
3.17348e-11	0.00292571
3.18219e-11	0.0029674
3.1909e-11	0.00300948
3.1996e-11	0.00305196
3.20831e-11	0.00309482
3.21702e-11	0.00313808
3.22572e-11	0.00318173
3.23443e-11	0.00322577
3.24314e-11	0.00327022
3.25184e-11	0.00331507
3.26055e-11	0.00336031
3.26925e-11	0.00340597
3.27796e-11	0.00345202
3.28667e-11	0.00349849
3.29537e-11	0.00354536
3.30408e-11	0.00359264
3.31279e-11	0.00364033
3.32149e-11	0.00368844
3.3302e-11	0.00373696
3.33891e-11	0.0037859
3.34761e-11	0.00383525
3.35632e-11	0.00388503
3.36502e-11	0.00393522
3.37373e-11	0.00398584
3.38244e-11	0.00403688
3.39114e-11	0.00408835
3.39985e-11	0.00414024
3.40856e-11	0.00419257
3.41726e-11	0.00424532
3.42597e-11	0.0042985
3.43468e-11	0.00435211
3.44338e-11	0.00440616
3.45209e-11	0.00446064
3.4608e-11	0.00451555
3.4695e-11	0.0045709
3.47821e-11	0.0046267
3.48691e-11	0.00468293
3.49562e-11	0.0047396
3.50433e-11	0.00479671
3.51303e-11	0.00485426
3.52174e-11	0.00491226
3.53045e-11	0.0049707
3.53915e-11	0.00502959
3.54786e-11	0.00508892
3.55657e-11	0.0051487
3.56527e-11	0.00520893
3.57398e-11	0.00526961
3.58268e-11	0.00533074
3.59139e-11	0.00539232
3.6001e-11	0.00545435
3.6088e-11	0.00551684
3.61751e-11	0.00557977
3.62622e-11	0.00564316
3.63492e-11	0.005707
3.64363e-11	0.0057713
3.65234e-11	0.00583606
3.66104e-11	0.00590127
3.66975e-11	0.00596693
3.67846e-11	0.00603306
3.68716e-11	0.00609964
3.69587e-11	0.00616667
3.70457e-11	0.00623417
3.71328e-11	0.00630212
3.72199e-11	0.00637053
3.73069e-11	0.0064394
3.7394e-11	0.00650873
3.74811e-11	0.00657852
3.75681e-11	0.00664877
3.76552e-11	0.00671947
3.77423e-11	0.00679064
3.78293e-11	0.00686226
3.79164e-11	0.00693434
3.80034e-11	0.00700688
3.80905e-11	0.00707988
3.81776e-11	0.00715334
3.82646e-11	0.00722725
3.83517e-11	0.00730162
3.84388e-11	0.00737645
3.85258e-11	0.00745174
3.86129e-11	0.00752748
3.87e-11	0.00760368
3.8787e-11	0.00768033
3.88741e-11	0.00775744
3.89612e-11	0.007835
3.90482e-11	0.00791301
3.91353e-11	0.00799148
3.92223e-11	0.0080704
3.93094e-11	0.00814977
3.93965e-11	0.00822958
3.94835e-11	0.00830985
3.95706e-11	0.00839056
3.96577e-11	0.00847172
3.97447e-11	0.00855332
3.98318e-11	0.00863537
3.99189e-11	0.00871786
4.00059e-11	0.00880079
4.0093e-11	0.00888416
4.018e-11	0.00896796
4.02671e-11	0.00905221
4.03542e-11	0.00913689
4.04412e-11	0.009222
4.05283e-11	0.00930754
4.06154e-11	0.00939352
4.07024e-11	0.00947992
4.07895e-11	0.00956674
4.08766e-11	0.00965399
4.09636e-11	0.00974166
4.10507e-11	0.00982975
4.11378e-11	0.00991826
4.12248e-11	0.0100072
4.13119e-11	0.0100965
4.13989e-11	0.0101863
4.1486e-11	0.0102764
4.15731e-11	0.010367
4.16601e-11	0.0104579
4.17472e-11	0.0105493
4.18343e-11	0.0106411
4.19213e-11	0.0107332
4.20084e-11	0.0108257
4.20955e-11	0.0109187
4.21825e-11	0.011012
4.22696e-11	0.0111057
4.23566e-11	0.0111998
4.24437e-11	0.0112942
4.25308e-11	0.011389
4.26178e-11	0.0114842
4.27049e-11	0.0115798
4.2792e-11	0.0116757
4.2879e-11	0.011772
4.29661e-11	0.0118686
4.30532e-11	0.0119656
4.31402e-11	0.0120629
4.32273e-11	0.0121605
4.33144e-11	0.0122585
4.34014e-11	0.0123569
4.34885e-11	0.0124555
4.35755e-11	0.0125545
4.36626e-11	0.0126538
4.37497e-11	0.0127534
4.38367e-11	0.0128534
4.39238e-11	0.0129536
4.40109e-11	0.0130541
4.40979e-11	0.013155
4.4185e-11	0.0132561
4.42721e-11	0.0133575
4.43591e-11	0.0134592
4.44462e-11	0.0135612
4.45333e-11	0.0136634
4.46203e-11	0.0137659
4.47074e-11	0.0138686
4.47944e-11	0.0139716
4.48815e-11	0.0140749
4.49686e-11	0.0141784
4.50556e-11	0.0142821
4.51427e-11	0.0143861
4.52298e-11	0.0144903
4.53168e-11	0.0145947
4.54039e-11	0.0146993
4.5491e-11	0.0148041
4.5578e-11	0.0149091
4.56651e-11	0.0150143
4.57521e-11	0.0151197
4.58392e-11	0.0152252
4.59263e-11	0.0153309
4.60133e-11	0.0154368
4.61004e-11	0.0155429
4.61875e-11	0.0156491
4.62745e-11	0.0157554
4.63616e-11	0.0158619
4.64487e-11	0.0159684
4.65357e-11	0.0160751
4.66228e-11	0.016182
4.67099e-11	0.0162889
4.67969e-11	0.0163959
4.6884e-11	0.016503
4.6971e-11	0.0166101
4.70581e-11	0.0167174
4.71452e-11	0.0168246
4.72322e-11	0.016932
4.73193e-11	0.0170394
4.74064e-11	0.0171468
4.74934e-11	0.0172542
4.75805e-11	0.0173617
4.76676e-11	0.0174691
4.77546e-11	0.0175766
4.78417e-11	0.017684
4.79287e-11	0.0177915
4.80158e-11	0.0178988
4.81029e-11	0.0180062
4.81899e-11	0.0181135
4.8277e-11	0.0182207
4.83641e-11	0.0183278
4.84511e-11	0.0184349
4.85382e-11	0.0185419
4.86253e-11	0.0186487
4.87123e-11	0.0187555
4.87994e-11	0.0188621
4.88865e-11	0.0189686
4.89735e-11	0.019075
4.90606e-11	0.0191811
4.91476e-11	0.0192871
4.92347e-11	0.019393
4.93218e-11	0.0194986
4.94088e-11	0.019604
4.94959e-11	0.0197092
4.9583e-11	0.0198142
4.967e-11	0.019919
4.97571e-11	0.0200234
4.98442e-11	0.0201277
4.99312e-11	0.0202316
5.00183e-11	0.0203352
5.01053e-11	0.0204386
5.01924e-11	0.0205416
5.02795e-11	0.0206443
5.03665e-11	0.0207467
5.04536e-11	0.0208486
5.05407e-11	0.0209503
5.06277e-11	0.0210515
5.07148e-11	0.0211524
5.08019e-11	0.0212528
5.08889e-11	0.0213528
5.0976e-11	0.0214524
5.10631e-11	0.0215515
5.11501e-11	0.0216501
5.12372e-11	0.0217483
5.13242e-11	0.021846
5.14113e-11	0.0219431
5.14984e-11	0.0220398
5.15854e-11	0.0221358
5.16725e-11	0.0222314
5.17596e-11	0.0223263
5.18466e-11	0.0224207
5.19337e-11	0.0225145
5.20208e-11	0.0226077
5.21078e-11	0.0227002
5.21949e-11	0.022792
5.22819e-11	0.0228832
5.2369e-11	0.0229738
5.24561e-11	0.0230636
5.25431e-11	0.0231527
5.26302e-11	0.0232411
5.27173e-11	0.0233287
5.28043e-11	0.0234156
5.28914e-11	0.0235017
5.29785e-11	0.0235869
5.30655e-11	0.0236714
5.31526e-11	0.023755
5.32397e-11	0.0238378
5.33267e-11	0.0239197
5.34138e-11	0.0240008
5.35008e-11	0.0240809
5.35879e-11	0.0241601
5.3675e-11	0.0242383
5.3762e-11	0.0243156
5.38491e-11	0.0243919
5.39362e-11	0.0244672
5.40232e-11	0.0245415
5.41103e-11	0.0246148
5.41974e-11	0.024687
5.42844e-11	0.0247582
5.43715e-11	0.0248282
5.44585e-11	0.0248971
5.45456e-11	0.024965
5.46327e-11	0.0250316
5.47197e-11	0.0250971
5.48068e-11	0.0251614
5.48939e-11	0.0252245
5.49809e-11	0.0252863
5.5068e-11	0.0253469
5.51551e-11	0.0254062
5.52421e-11	0.0254643
5.53292e-11	0.025521
5.54163e-11	0.0255764
5.55033e-11	0.0256304
5.55904e-11	0.025683
5.56774e-11	0.0257343
5.57645e-11	0.0257841
5.58516e-11	0.0258325
5.59386e-11	0.0258795
5.60257e-11	0.0259249
5.61128e-11	0.0259689
5.61998e-11	0.0260113
5.62869e-11	0.0260521
5.6374e-11	0.0260914
5.6461e-11	0.0261291
5.65481e-11	0.0261652
5.66352e-11	0.0261996
5.67222e-11	0.0262324
5.68093e-11	0.0262635
5.68963e-11	0.0262929
5.69834e-11	0.0263205
5.70705e-11	0.0263464
5.71575e-11	0.0263705
5.72446e-11	0.0263929
5.73317e-11	0.0264133
5.74187e-11	0.026432
5.75058e-11	0.0264487
5.75929e-11	0.0264636
5.76799e-11	0.0264766
5.7767e-11	0.0264876
5.7854e-11	0.0264966
5.79411e-11	0.0265036
5.80282e-11	0.0265086
5.81152e-11	0.0265116
5.82023e-11	0.0265125
5.82894e-11	0.0265113
5.83764e-11	0.026508
5.84635e-11	0.0265026
5.85506e-11	0.026495
5.86376e-11	0.0264852
5.87247e-11	0.0264732
5.88118e-11	0.0264589
5.88988e-11	0.0264424
5.89859e-11	0.0264235
5.90729e-11	0.0264024
5.916e-11	0.0263789
5.92471e-11	0.026353
5.93341e-11	0.0263247
5.94212e-11	0.026294
5.95083e-11	0.0262609
5.95953e-11	0.0262253
5.96824e-11	0.0261872
5.97695e-11	0.0261465
5.98565e-11	0.0261033
5.99436e-11	0.0260575
6.00306e-11	0.0260091
6.01177e-11	0.0259581
6.02048e-11	0.0259044
6.02918e-11	0.025848
6.03789e-11	0.0257889
6.0466e-11	0.025727
6.0553e-11	0.0256624
6.06401e-11	0.025595
6.07272e-11	0.0255248
6.08142e-11	0.0254517
6.09013e-11	0.0253757
6.09884e-11	0.0252968
6.10754e-11	0.025215
6.11625e-11	0.0251302
6.12495e-11	0.0250424
6.13366e-11	0.0249516
6.14237e-11	0.0248578
6.15107e-11	0.0247609
6.15978e-11	0.0246609
6.16849e-11	0.0245577
6.17719e-11	0.0244514
6.1859e-11	0.024342
6.19461e-11	0.0242293
6.20331e-11	0.0241133
6.21202e-11	0.0239941
6.22072e-11	0.0238716
6.22943e-11	0.0237458
6.23814e-11	0.0236166
6.24684e-11	0.023484
6.25555e-11	0.023348
6.26426e-11	0.0232086
6.27296e-11	0.0230657
6.28167e-11	0.0229193
6.29038e-11	0.0227694
6.29908e-11	0.022616
6.30779e-11	0.0224589
6.3165e-11	0.0222983
6.3252e-11	0.022134
6.33391e-11	0.021966
6.34261e-11	0.0217944
6.35132e-11	0.021619
6.36003e-11	0.0214399
6.36873e-11	0.0212569
6.37744e-11	0.0210702
6.38615e-11	0.0208797
6.39485e-11	0.0206852
6.40356e-11	0.0204869
6.41227e-11	0.0202847
6.42097e-11	0.0200785
6.42968e-11	0.0198683
6.43838e-11	0.0196541
6.44709e-11	0.0194359
6.4558e-11	0.0192136
6.4645e-11	0.0189872
6.47321e-11	0.0187567
6.48192e-11	0.0185221
6.49062e-11	0.0182833
6.49933e-11	0.0180402
6.50804e-11	0.0177929
6.51674e-11	0.0175414
6.52545e-11	0.0172856
6.53416e-11	0.0170254
6.54286e-11	0.0167609
6.55157e-11	0.0164921
6.56027e-11	0.0162188
6.56898e-11	0.0159411
6.57769e-11	0.0156589
6.58639e-11	0.0153723
6.5951e-11	0.0150811
6.60381e-11	0.0147854
6.61251e-11	0.0144851
6.62122e-11	0.0141803
6.62993e-11	0.0138708
6.63863e-11	0.0135566
6.64734e-11	0.0132378
6.65604e-11	0.0129143
6.66475e-11	0.012586
6.67346e-11	0.012253
6.68216e-11	0.0119152
6.69087e-11	0.0115726
6.69958e-11	0.0112251
6.70828e-11	0.0108728
6.71699e-11	0.0105156
6.7257e-11	0.0101534
6.7344e-11	0.00978636
6.74311e-11	0.0094143
6.75182e-11	0.00903725
6.76052e-11	0.00865518
6.76923e-11	0.00826806
6.77793e-11	0.00787587
6.78664e-11	0.00747857
6.79535e-11	0.00707616
6.80405e-11	0.00666859
6.81276e-11	0.00625585
6.82147e-11	0.00583791
6.83017e-11	0.00541474
6.83888e-11	0.00498633
6.84759e-11	0.00455264
6.85629e-11	0.00411366
6.865e-11	0.00366935
6.87371e-11	0.0032197
6.88241e-11	0.00276469
6.89112e-11	0.00230428
6.89982e-11	0.00183845
6.90853e-11	0.00136719
6.91724e-11	0.00089046
6.92594e-11	0.00040825
6.93465e-11	-7.94665e-05
6.94336e-11	-0.000572713
6.95206e-11	-0.00107151
6.96077e-11	-0.00157588
6.96948e-11	-0.00208585
6.97818e-11	-0.00260143
6.98689e-11	-0.00312265
6.99559e-11	-0.00364953
7.0043e-11	-0.00418209
7.01301e-11	-0.00472035
7.02171e-11	-0.00526433
7.03042e-11	-0.00581405
7.03913e-11	-0.00636954
7.04783e-11	-0.0069308
7.05654e-11	-0.00749787
7.06525e-11	-0.00807075
7.07395e-11	-0.00864948
7.08266e-11	-0.00923406
7.09137e-11	-0.00982452
7.10007e-11	-0.0104209
7.10878e-11	-0.0110231
7.11748e-11	-0.0116313
7.12619e-11	-0.0122455
7.1349e-11	-0.0128656
7.1436e-11	-0.0134917
7.15231e-11	-0.0141237
7.16102e-11	-0.0147618
7.16972e-11	-0.015406
7.17843e-11	-0.0160561
7.18714e-11	-0.0167124
7.19584e-11	-0.0173747
7.20455e-11	-0.0180431
7.21325e-11	-0.0187176
7.22196e-11	-0.0193982
7.23067e-11	-0.020085
7.23937e-11	-0.0207779
7.24808e-11	-0.0214769
7.25679e-11	-0.0221822
7.26549e-11	-0.0228936
7.2742e-11	-0.0236112
7.28291e-11	-0.024335
7.29161e-11	-0.0250651
7.30032e-11	-0.0258013
7.30903e-11	-0.0265439
7.31773e-11	-0.0272926
7.32644e-11	-0.0280477
7.33514e-11	-0.028809
7.34385e-11	-0.0295766
7.35256e-11	-0.0303504
7.36126e-11	-0.0311306
7.36997e-11	-0.0319171
7.37868e-11	-0.0327099
7.38738e-11	-0.033509
7.39609e-11	-0.0343145
7.4048e-11	-0.0351263
7.4135e-11	-0.0359444
7.42221e-11	-0.0367689
7.43091e-11	-0.0375997
7.43962e-11	-0.0384369
7.44833e-11	-0.0392804
7.45703e-11	-0.0401303
7.46574e-11	-0.0409866
7.47445e-11	-0.0418493
7.48315e-11	-0.0427183
7.49186e-11	-0.0435937
7.50057e-11	-0.0444755
7.50927e-11	-0.0453637
7.51798e-11	-0.0462583
7.52669e-11	-0.0471592
7.53539e-11	-0.0480666
7.5441e-11	-0.0489803
7.5528e-11	-0.0499004
7.56151e-11	-0.0508269
7.57022e-11	-0.0517597
7.57892e-11	-0.052699
7.58763e-11	-0.0536446
7.59634e-11	-0.0545966
7.60504e-11	-0.055555
7.61375e-11	-0.0565197
7.62246e-11	-0.0574908
7.63116e-11	-0.0584682
7.63987e-11	-0.059452
7.64857e-11	-0.0604422
7.65728e-11	-0.0614386
7.66599e-11	-0.0624415
7.67469e-11	-0.0634506
7.6834e-11	-0.064466
7.69211e-11	-0.0654878
7.70081e-11	-0.0665158
7.70952e-11	-0.0675502
7.71823e-11	-0.0685908
7.72693e-11	-0.0696377
7.73564e-11	-0.0706908
7.74435e-11	-0.0717502
7.75305e-11	-0.0728158
7.76176e-11	-0.0738877
7.77046e-11	-0.0749657
7.77917e-11	-0.07605
7.78788e-11	-0.0771404
7.79658e-11	-0.078237
7.80529e-11	-0.0793397
7.814e-11	-0.0804485
7.8227e-11	-0.0815635
7.83141e-11	-0.0826846
7.84012e-11	-0.0838117
7.84882e-11	-0.0849449
7.85753e-11	-0.0860842
7.86623e-11	-0.0872294
7.87494e-11	-0.0883807
7.88365e-11	-0.089538
7.89235e-11	-0.0907012
7.90106e-11	-0.0918703
7.90977e-11	-0.0930454
7.91847e-11	-0.0942264
7.92718e-11	-0.0954132
7.93589e-11	-0.0966059
7.94459e-11	-0.0978044
7.9533e-11	-0.0990086
7.96201e-11	-0.100219
7.97071e-11	-0.101434
7.97942e-11	-0.102656
7.98812e-11	-0.103883
7.99683e-11	-0.105116
8.00554e-11	-0.106355
8.01424e-11	-0.107599
8.02295e-11	-0.108848
8.03166e-11	-0.110103
8.04036e-11	-0.111364
8.04907e-11	-0.11263
8.05778e-11	-0.113902
8.06648e-11	-0.115179
8.07519e-11	-0.116461
8.08389e-11	-0.117749
8.0926e-11	-0.119042
8.10131e-11	-0.12034
8.11001e-11	-0.121644
8.11872e-11	-0.122953
8.12743e-11	-0.124266
8.13613e-11	-0.125585
8.14484e-11	-0.126909
8.15355e-11	-0.128238
8.16225e-11	-0.129573
8.17096e-11	-0.130912
8.17967e-11	-0.132255
8.18837e-11	-0.133604
8.19708e-11	-0.134958
8.20578e-11	-0.136316
8.21449e-11	-0.137679
8.2232e-11	-0.139047
8.2319e-11	-0.14042
8.24061e-11	-0.141797
8.24932e-11	-0.143178
8.25802e-11	-0.144565
8.26673e-11	-0.145955
8.27544e-11	-0.14735
8.28414e-11	-0.148749
8.29285e-11	-0.150153
8.30156e-11	-0.151561
8.31026e-11	-0.152973
8.31897e-11	-0.154389
8.32767e-11	-0.155809
8.33638e-11	-0.157234
8.34509e-11	-0.158662
8.35379e-11	-0.160094
8.3625e-11	-0.161531
8.37121e-11	-0.162971
8.37991e-11	-0.164414
8.38862e-11	-0.165862
8.39733e-11	-0.167313
8.40603e-11	-0.168767
8.41474e-11	-0.170225
8.42344e-11	-0.171687
8.43215e-11	-0.173152
8.44086e-11	-0.17462
8.44956e-11	-0.176092
8.45827e-11	-0.177567
8.46698e-11	-0.179045
8.47568e-11	-0.180526
8.48439e-11	-0.18201
8.4931e-11	-0.183497
8.5018e-11	-0.184986
8.51051e-11	-0.186479
8.51922e-11	-0.187975
8.52792e-11	-0.189473
8.53663e-11	-0.190973
8.54533e-11	-0.192476
8.55404e-11	-0.193982
8.56275e-11	-0.19549
8.57145e-11	-0.197001
8.58016e-11	-0.198513
8.58887e-11	-0.200028
8.59757e-11	-0.201545
8.60628e-11	-0.203064
8.61499e-11	-0.204584
8.62369e-11	-0.206107
8.6324e-11	-0.207632
8.6411e-11	-0.209158
8.64981e-11	-0.210686
8.65852e-11	-0.212215
8.66722e-11	-0.213746
8.67593e-11	-0.215278
8.68464e-11	-0.216812
8.69334e-11	-0.218346
8.70205e-11	-0.219882
8.71076e-11	-0.221419
8.71946e-11	-0.222957
8.72817e-11	-0.224496
8.73688e-11	-0.226036
8.74558e-11	-0.227576
8.75429e-11	-0.229117
8.76299e-11	-0.230659
8.7717e-11	-0.232201
8.78041e-11	-0.233743
8.78911e-11	-0.235286
8.79782e-11	-0.236829
8.80653e-11	-0.238371
8.81523e-11	-0.239914
8.82394e-11	-0.241457
8.83265e-11	-0.243
8.84135e-11	-0.244542
8.85006e-11	-0.246085
8.85876e-11	-0.247626
8.86747e-11	-0.249167
8.87618e-11	-0.250708
8.88488e-11	-0.252247
8.89359e-11	-0.253786
8.9023e-11	-0.255324
8.911e-11	-0.256861
8.91971e-11	-0.258397
8.92842e-11	-0.259931
8.93712e-11	-0.261465
8.94583e-11	-0.262996
8.95454e-11	-0.264527
8.96324e-11	-0.266055
8.97195e-11	-0.267582
8.98065e-11	-0.269107
8.98936e-11	-0.27063
8.99807e-11	-0.272151
9.00677e-11	-0.27367
9.01548e-11	-0.275187
9.02419e-11	-0.276701
9.03289e-11	-0.278213
9.0416e-11	-0.279723
9.05031e-11	-0.281229
9.05901e-11	-0.282733
9.06772e-11	-0.284234
9.07642e-11	-0.285732
9.08513e-11	-0.287227
9.09384e-11	-0.288719
9.10254e-11	-0.290207
9.11125e-11	-0.291692
9.11996e-11	-0.293174
9.12866e-11	-0.294651
9.13737e-11	-0.296125
9.14608e-11	-0.297595
9.15478e-11	-0.299061
9.16349e-11	-0.300523
9.1722e-11	-0.301981
9.1809e-11	-0.303435
9.18961e-11	-0.304884
9.19831e-11	-0.306328
9.20702e-11	-0.307768
9.21573e-11	-0.309203
9.22443e-11	-0.310633
9.23314e-11	-0.312058
9.24185e-11	-0.313478
9.25055e-11	-0.314893
9.25926e-11	-0.316302
9.26797e-11	-0.317706
9.27667e-11	-0.319104
9.28538e-11	-0.320497
9.29408e-11	-0.321884
9.30279e-11	-0.323264
9.3115e-11	-0.324639
9.3202e-11	-0.326007
9.32891e-11	-0.32737
9.33762e-11	-0.328725
9.34632e-11	-0.330074
9.35503e-11	-0.331417
9.36374e-11	-0.332752
9.37244e-11	-0.334081
9.38115e-11	-0.335403
9.38986e-11	-0.336717
9.39856e-11	-0.338024
9.40727e-11	-0.339324
9.41597e-11	-0.340616
9.42468e-11	-0.341901
9.43339e-11	-0.343178
9.44209e-11	-0.344446
9.4508e-11	-0.345707
9.45951e-11	-0.34696
9.46821e-11	-0.348204
9.47692e-11	-0.34944
9.48563e-11	-0.350668
9.49433e-11	-0.351886
9.50304e-11	-0.353096
9.51175e-11	-0.354297
9.52045e-11	-0.355489
9.52916e-11	-0.356672
9.53786e-11	-0.357846
9.54657e-11	-0.35901
9.55528e-11	-0.360165
9.56398e-11	-0.36131
9.57269e-11	-0.362445
9.5814e-11	-0.36357
9.5901e-11	-0.364685
9.59881e-11	-0.36579
9.60752e-11	-0.366885
9.61622e-11	-0.367969
9.62493e-11	-0.369043
9.63363e-11	-0.370106
9.64234e-11	-0.371159
9.65105e-11	-0.3722
9.65975e-11	-0.37323
9.66846e-11	-0.374249
9.67717e-11	-0.375257
9.68587e-11	-0.376253
9.69458e-11	-0.377238
9.70329e-11	-0.378211
9.71199e-11	-0.379173
9.7207e-11	-0.380122
9.72941e-11	-0.381059
9.73811e-11	-0.381984
9.74682e-11	-0.382897
9.75552e-11	-0.383797
9.76423e-11	-0.384685
9.77294e-11	-0.38556
9.78164e-11	-0.386422
9.79035e-11	-0.387271
9.79906e-11	-0.388107
9.80776e-11	-0.38893
9.81647e-11	-0.38974
9.82518e-11	-0.390536
9.83388e-11	-0.391319
9.84259e-11	-0.392087
9.85129e-11	-0.392842
9.86e-11	-0.393584
9.86871e-11	-0.39431
9.87741e-11	-0.395023
9.88612e-11	-0.395722
9.89483e-11	-0.396406
9.90353e-11	-0.397075
9.91224e-11	-0.39773
9.92095e-11	-0.39837
9.92965e-11	-0.398994
9.93836e-11	-0.399604
9.94707e-11	-0.400199
9.95577e-11	-0.400778
9.96448e-11	-0.401342
9.97318e-11	-0.401891
9.98189e-11	-0.402423
9.9906e-11	-0.40294
9.9993e-11	-0.403441
1.0008e-10	-0.403926
1.00167e-10	-0.404395
1.00254e-10	-0.404848
1.00341e-10	-0.405284
1.00428e-10	-0.405703
1.00515e-10	-0.406106
1.00602e-10	-0.406493
1.0069e-10	-0.406862
1.00777e-10	-0.407215
1.00864e-10	-0.40755
1.00951e-10	-0.407868
1.01038e-10	-0.408169
1.01125e-10	-0.408452
1.01212e-10	-0.408718
1.01299e-10	-0.408967
1.01386e-10	-0.409197
1.01473e-10	-0.40941
1.0156e-10	-0.409604
1.01647e-10	-0.409781
1.01734e-10	-0.409939
1.01821e-10	-0.410079
1.01908e-10	-0.410201
1.01996e-10	-0.410304
1.02083e-10	-0.410388
1.0217e-10	-0.410454
1.02257e-10	-0.410501
1.02344e-10	-0.410528
1.02431e-10	-0.410537
1.02518e-10	-0.410527
1.02605e-10	-0.410497
1.02692e-10	-0.410448
1.02779e-10	-0.41038
1.02866e-10	-0.410292
1.02953e-10	-0.410184
1.0304e-10	-0.410056
1.03127e-10	-0.409909
1.03214e-10	-0.409742
1.03301e-10	-0.409554
1.03389e-10	-0.409347
1.03476e-10	-0.409119
1.03563e-10	-0.408871
1.0365e-10	-0.408602
1.03737e-10	-0.408313
1.03824e-10	-0.408003
1.03911e-10	-0.407673
1.03998e-10	-0.407321
1.04085e-10	-0.406949
1.04172e-10	-0.406556
1.04259e-10	-0.406142
1.04346e-10	-0.405706
1.04433e-10	-0.40525
1.0452e-10	-0.404772
1.04607e-10	-0.404272
1.04694e-10	-0.403751
1.04782e-10	-0.403209
1.04869e-10	-0.402644
1.04956e-10	-0.402059
1.05043e-10	-0.401451
1.0513e-10	-0.400821
1.05217e-10	-0.40017
1.05304e-10	-0.399496
1.05391e-10	-0.3988
1.05478e-10	-0.398082
1.05565e-10	-0.397342
1.05652e-10	-0.39658
1.05739e-10	-0.395795
1.05826e-10	-0.394987
1.05913e-10	-0.394157
1.06e-10	-0.393305
1.06088e-10	-0.392429
1.06175e-10	-0.391531
1.06262e-10	-0.390611
1.06349e-10	-0.389667
1.06436e-10	-0.3887
1.06523e-10	-0.387711
1.0661e-10	-0.386698
1.06697e-10	-0.385662
1.06784e-10	-0.384603
1.06871e-10	-0.383521
1.06958e-10	-0.382416
1.07045e-10	-0.381287
1.07132e-10	-0.380135
1.07219e-10	-0.37896
1.07306e-10	-0.377761
1.07393e-10	-0.376538
1.07481e-10	-0.375292
1.07568e-10	-0.374022
1.07655e-10	-0.372729
1.07742e-10	-0.371412
1.07829e-10	-0.370071
1.07916e-10	-0.368707
1.08003e-10	-0.367318
1.0809e-10	-0.365906
1.08177e-10	-0.36447
1.08264e-10	-0.36301
1.08351e-10	-0.361526
1.08438e-10	-0.360018
1.08525e-10	-0.358486
1.08612e-10	-0.35693
1.08699e-10	-0.35535
1.08787e-10	-0.353746
1.08874e-10	-0.352118
1.08961e-10	-0.350465
1.09048e-10	-0.348789
1.09135e-10	-0.347088
1.09222e-10	-0.345363
1.09309e-10	-0.343614
1.09396e-10	-0.34184
1.09483e-10	-0.340043
1.0957e-10	-0.338221
1.09657e-10	-0.336374
1.09744e-10	-0.334504
1.09831e-10	-0.332609
1.09918e-10	-0.33069
1.10005e-10	-0.328747
1.10092e-10	-0.326779
1.1018e-10	-0.324787
1.10267e-10	-0.322771
1.10354e-10	-0.32073
1.10441e-10	-0.318665
1.10528e-10	-0.316576
1.10615e-10	-0.314462
1.10702e-10	-0.312324
1.10789e-10	-0.310162
1.10876e-10	-0.307976
1.10963e-10	-0.305765
1.1105e-10	-0.30353
1.11137e-10	-0.301271
1.11224e-10	-0.298987
1.11311e-10	-0.29668
1.11398e-10	-0.294348
1.11485e-10	-0.291992
1.11573e-10	-0.289612
1.1166e-10	-0.287208
1.11747e-10	-0.284779
1.11834e-10	-0.282327
1.11921e-10	-0.279851
1.12008e-10	-0.27735
1.12095e-10	-0.274826
1.12182e-10	-0.272278
1.12269e-10	-0.269705
1.12356e-10	-0.267109
1.12443e-10	-0.264489
1.1253e-10	-0.261846
1.12617e-10	-0.259178
1.12704e-10	-0.256487
1.12791e-10	-0.253773
1.12879e-10	-0.251034
1.12966e-10	-0.248272
1.13053e-10	-0.245487
1.1314e-10	-0.242678
1.13227e-10	-0.239846
1.13314e-10	-0.23699
1.13401e-10	-0.234111
1.13488e-10	-0.231209
1.13575e-10	-0.228284
1.13662e-10	-0.225336
1.13749e-10	-0.222364
1.13836e-10	-0.21937
1.13923e-10	-0.216352
1.1401e-10	-0.213312
1.14097e-10	-0.210249
1.14184e-10	-0.207164
1.14272e-10	-0.204056
1.14359e-10	-0.200925
1.14446e-10	-0.197772
1.14533e-10	-0.194596
1.1462e-10	-0.191398
1.14707e-10	-0.188178
1.14794e-10	-0.184936
1.14881e-10	-0.181671
1.14968e-10	-0.178385
1.15055e-10	-0.175077
1.15142e-10	-0.171747
1.15229e-10	-0.168395
1.15316e-10	-0.165022
1.15403e-10	-0.161627
1.1549e-10	-0.158211
1.15577e-10	-0.154773
1.15665e-10	-0.151314
1.15752e-10	-0.147835
1.15839e-10	-0.144334
1.15926e-10	-0.140812
1.16013e-10	-0.13727
1.161e-10	-0.133706
1.16187e-10	-0.130122
1.16274e-10	-0.126518
1.16361e-10	-0.122894
1.16448e-10	-0.119249
1.16535e-10	-0.115584
1.16622e-10	-0.111899
1.16709e-10	-0.108194
1.16796e-10	-0.10447
1.16883e-10	-0.100725
1.16971e-10	-0.0969617
1.17058e-10	-0.0931787
1.17145e-10	-0.0893764
1.17232e-10	-0.0855549
1.17319e-10	-0.0817145
1.17406e-10	-0.0778553
1.17493e-10	-0.0739773
1.1758e-10	-0.0700807
1.17667e-10	-0.0661658
1.17754e-10	-0.0622325
1.17841e-10	-0.058281
1.17928e-10	-0.0543115
1.18015e-10	-0.0503242
1.18102e-10	-0.0463191
1.18189e-10	-0.0422965
1.18276e-10	-0.0382564
1.18364e-10	-0.0341991
1.18451e-10	-0.0301246
1.18538e-10	-0.0260331
1.18625e-10	-0.0219249
1.18712e-10	-0.0177999
1.18799e-10	-0.0136585
1.18886e-10	-0.00950073
1.18973e-10	-0.00532677
1.1906e-10	-0.0011368
1.19147e-10	0.00306903
1.19234e-10	0.00729054
1.19321e-10	0.0115276
1.19408e-10	0.01578
1.19495e-10	0.0200475
1.19582e-10	0.0243301
1.1967e-10	0.0286275
1.19757e-10	0.0329396
1.19844e-10	0.0372662
1.19931e-10	0.0416071
1.20018e-10	0.0459621
1.20105e-10	0.050331
1.20192e-10	0.0547138
1.20279e-10	0.0591101
1.20366e-10	0.0635198
1.20453e-10	0.0679428
1.2054e-10	0.0723787
1.20627e-10	0.0768276
1.20714e-10	0.081289
1.20801e-10	0.085763
1.20888e-10	0.0902492
1.20975e-10	0.0947475
1.21063e-10	0.0992576
1.2115e-10	0.103779
1.21237e-10	0.108313
1.21324e-10	0.112857
1.21411e-10	0.117413
1.21498e-10	0.12198
1.21585e-10	0.126557
1.21672e-10	0.131145
1.21759e-10	0.135743
1.21846e-10	0.140351
1.21933e-10	0.144969
1.2202e-10	0.149597
1.22107e-10	0.154234
1.22194e-10	0.15888
1.22281e-10	0.163536
1.22368e-10	0.1682
1.22456e-10	0.172873
1.22543e-10	0.177554
1.2263e-10	0.182243
1.22717e-10	0.186941
1.22804e-10	0.191646
1.22891e-10	0.196359
1.22978e-10	0.201078
1.23065e-10	0.205805
1.23152e-10	0.210539
1.23239e-10	0.21528
1.23326e-10	0.220027
1.23413e-10	0.22478
1.235e-10	0.229539
1.23587e-10	0.234304
1.23674e-10	0.239074
1.23762e-10	0.243849
1.23849e-10	0.24863
1.23936e-10	0.253416
1.24023e-10	0.258206
1.2411e-10	0.263
1.24197e-10	0.267799
1.24284e-10	0.272601
1.24371e-10	0.277407
1.24458e-10	0.282217
1.24545e-10	0.287029
1.24632e-10	0.291845
1.24719e-10	0.296663
1.24806e-10	0.301484
1.24893e-10	0.306307
1.2498e-10	0.311132
1.25067e-10	0.315959
1.25155e-10	0.320787
1.25242e-10	0.325617
1.25329e-10	0.330448
1.25416e-10	0.335279
1.25503e-10	0.340111
1.2559e-10	0.344943
1.25677e-10	0.349776
1.25764e-10	0.354608
1.25851e-10	0.35944
1.25938e-10	0.364271
1.26025e-10	0.369101
1.26112e-10	0.37393
1.26199e-10	0.378758
1.26286e-10	0.383583
1.26373e-10	0.388407
1.26461e-10	0.393229
1.26548e-10	0.398049
1.26635e-10	0.402866
1.26722e-10	0.407679
1.26809e-10	0.41249
1.26896e-10	0.417298
1.26983e-10	0.422101
1.2707e-10	0.426901
1.27157e-10	0.431697
1.27244e-10	0.436488
1.27331e-10	0.441274
1.27418e-10	0.446056
1.27505e-10	0.450833
1.27592e-10	0.455604
1.27679e-10	0.460369
1.27766e-10	0.465129
1.27854e-10	0.469882
1.27941e-10	0.474629
1.28028e-10	0.479369
1.28115e-10	0.484102
1.28202e-10	0.488829
1.28289e-10	0.493547
1.28376e-10	0.498258
1.28463e-10	0.502961
1.2855e-10	0.507656
1.28637e-10	0.512343
1.28724e-10	0.51702
1.28811e-10	0.521689
1.28898e-10	0.526349
1.28985e-10	0.530999
1.29072e-10	0.535639
1.29159e-10	0.54027
1.29247e-10	0.54489
1.29334e-10	0.5495
1.29421e-10	0.554099
1.29508e-10	0.558687
1.29595e-10	0.563264
1.29682e-10	0.567829
1.29769e-10	0.572383
1.29856e-10	0.576925
1.29943e-10	0.581454
1.3003e-10	0.585971
1.30117e-10	0.590476
1.30204e-10	0.594967
1.30291e-10	0.599445
1.30378e-10	0.60391
1.30465e-10	0.608361
1.30553e-10	0.612798
1.3064e-10	0.617221
1.30727e-10	0.621629
1.30814e-10	0.626023
1.30901e-10	0.630402
1.30988e-10	0.634765
1.31075e-10	0.639113
1.31162e-10	0.643446
1.31249e-10	0.647762
1.31336e-10	0.652063
1.31423e-10	0.656347
1.3151e-10	0.660614
1.31597e-10	0.664864
1.31684e-10	0.669098
1.31771e-10	0.673314
1.31858e-10	0.677512
1.31946e-10	0.681693
1.32033e-10	0.685855
1.3212e-10	0.689999
1.32207e-10	0.694125
1.32294e-10	0.698232
1.32381e-10	0.702319
1.32468e-10	0.706388
1.32555e-10	0.710437
1.32642e-10	0.714466
1.32729e-10	0.718476
1.32816e-10	0.722465
1.32903e-10	0.726434
1.3299e-10	0.730382
1.33077e-10	0.734309
1.33164e-10	0.738216
1.33251e-10	0.742101
1.33339e-10	0.745964
1.33426e-10	0.749806
1.33513e-10	0.753626
1.336e-10	0.757423
1.33687e-10	0.761198
1.33774e-10	0.764951
1.33861e-10	0.76868
1.33948e-10	0.772387
1.34035e-10	0.77607
1.34122e-10	0.77973
1.34209e-10	0.783366
1.34296e-10	0.786978
1.34383e-10	0.790566
1.3447e-10	0.79413
1.34557e-10	0.797669
1.34645e-10	0.801184
1.34732e-10	0.804673
1.34819e-10	0.808137
1.34906e-10	0.811576
1.34993e-10	0.81499
1.3508e-10	0.818377
1.35167e-10	0.821739
1.35254e-10	0.825074
1.35341e-10	0.828384
1.35428e-10	0.831666
1.35515e-10	0.834922
1.35602e-10	0.838151
1.35689e-10	0.841353
1.35776e-10	0.844527
1.35863e-10	0.847674
1.3595e-10	0.850794
1.36038e-10	0.853885
1.36125e-10	0.856948
1.36212e-10	0.859984
1.36299e-10	0.86299
1.36386e-10	0.865969
1.36473e-10	0.868918
1.3656e-10	0.871838
1.36647e-10	0.87473
1.36734e-10	0.877592
1.36821e-10	0.880424
1.36908e-10	0.883227
1.36995e-10	0.886001
1.37082e-10	0.888744
1.37169e-10	0.891457
1.37256e-10	0.89414
1.37344e-10	0.896792
1.37431e-10	0.899414
1.37518e-10	0.902005
1.37605e-10	0.904565
1.37692e-10	0.907095
1.37779e-10	0.909592
1.37866e-10	0.912059
1.37953e-10	0.914494
1.3804e-10	0.916897
1.38127e-10	0.919269
1.38214e-10	0.921609
1.38301e-10	0.923916
1.38388e-10	0.926192
1.38475e-10	0.928435
1.38562e-10	0.930645
1.38649e-10	0.932823
1.38737e-10	0.934968
1.38824e-10	0.93708
1.38911e-10	0.93916
1.38998e-10	0.941206
1.39085e-10	0.943219
1.39172e-10	0.945198
1.39259e-10	0.947144
1.39346e-10	0.949056
1.39433e-10	0.950935
1.3952e-10	0.95278
1.39607e-10	0.954591
1.39694e-10	0.956368
1.39781e-10	0.95811
1.39868e-10	0.959819
1.39955e-10	0.961493
1.40042e-10	0.963132
1.4013e-10	0.964737
1.40217e-10	0.966307
1.40304e-10	0.967843
1.40391e-10	0.969344
1.40478e-10	0.970809
1.40565e-10	0.97224
1.40652e-10	0.973635
1.40739e-10	0.974996
1.40826e-10	0.976321
1.40913e-10	0.97761
1.41e-10	0.978865
1.41087e-10	0.980083
1.41174e-10	0.981266
1.41261e-10	0.982414
1.41348e-10	0.983525
1.41436e-10	0.984601
1.41523e-10	0.985641
1.4161e-10	0.986645
1.41697e-10	0.987613
1.41784e-10	0.988545
1.41871e-10	0.989441
1.41958e-10	0.990301
1.42045e-10	0.991124
1.42132e-10	0.991912
1.42219e-10	0.992663
1.42306e-10	0.993377
1.42393e-10	0.994055
1.4248e-10	0.994697
1.42567e-10	0.995302
1.42654e-10	0.995871
1.42741e-10	0.996403
1.42829e-10	0.996898
1.42916e-10	0.997357
1.43003e-10	0.99778
1.4309e-10	0.998165
1.43177e-10	0.998514
1.43264e-10	0.998826
1.43351e-10	0.999102
1.43438e-10	0.99934
1.43525e-10	0.999542
1.43612e-10	0.999707
1.43699e-10	0.999836
1.43786e-10	0.999927
1.43873e-10	0.999982
1.4396e-10	1
1.44047e-10	0.999981
1.44134e-10	0.999925
1.44222e-10	0.999833
1.44309e-10	0.999704
1.44396e-10	0.999538
1.44483e-10	0.999335
1.4457e-10	0.999095
1.44657e-10	0.998819
1.44744e-10	0.998506
1.44831e-10	0.998156
1.44918e-10	0.997769
1.45005e-10	0.997346
1.45092e-10	0.996886
1.45179e-10	0.99639
1.45266e-10	0.995857
1.45353e-10	0.995287
1.4544e-10	0.994681
1.45528e-10	0.994038
1.45615e-10	0.993359
1.45702e-10	0.992644
1.45789e-10	0.991892
1.45876e-10	0.991104
1.45963e-10	0.990279
1.4605e-10	0.989419
1.46137e-10	0.988522
1.46224e-10	0.987589
1.46311e-10	0.98662
1.46398e-10	0.985615
1.46485e-10	0.984574
1.46572e-10	0.983497
1.46659e-10	0.982385
1.46746e-10	0.981236
1.46833e-10	0.980052
1.46921e-10	0.978833
1.47008e-10	0.977578
1.47095e-10	0.976287
1.47182e-10	0.974961
1.47269e-10	0.9736
1.47356e-10	0.972203
1.47443e-10	0.970772
1.4753e-10	0.969305
1.47617e-10	0.967804
1.47704e-10	0.966267
1.47791e-10	0.964696
1.47878e-10	0.96309
1.47965e-10	0.96145
1.48052e-10	0.959775
1.48139e-10	0.958066
1.48227e-10	0.956322
1.48314e-10	0.954544
1.48401e-10	0.952733
1.48488e-10	0.950887
1.48575e-10	0.949007
1.48662e-10	0.947094
1.48749e-10	0.945147
1.48836e-10	0.943167
1.48923e-10	0.941153
1.4901e-10	0.939106
1.49097e-10	0.937026
1.49184e-10	0.934913
1.49271e-10	0.932767
1.49358e-10	0.930588
1.49445e-10	0.928377
1.49532e-10	0.926133
1.4962e-10	0.923857
1.49707e-10	0.921549
1.49794e-10	0.919208
1.49881e-10	0.916836
1.49968e-10	0.914431
1.50055e-10	0.911996
1.50142e-10	0.909528
1.50229e-10	0.90703
1.50316e-10	0.9045
1.50403e-10	0.901939
1.5049e-10	0.899347
1.50577e-10	0.896724
1.50664e-10	0.894071
1.50751e-10	0.891387
1.50838e-10	0.888673
1.50925e-10	0.885929
1.51013e-10	0.883155
1.511e-10	0.880352
1.51187e-10	0.877518
1.51274e-10	0.874655
1.51361e-10	0.871763
1.51448e-10	0.868842
1.51535e-10	0.865892
1.51622e-10	0.862913
1.51709e-10	0.859906
1.51796e-10	0.85687
1.51883e-10	0.853805
1.5197e-10	0.850713
1.52057e-10	0.847593
1.52144e-10	0.844446
1.52231e-10	0.84127
1.52319e-10	0.838068
1.52406e-10	0.834838
1.52493e-10	0.831582
1.5258e-10	0.828298
1.52667e-10	0.824989
1.52754e-10	0.821652
1.52841e-10	0.81829
1.52928e-10	0.814902
1.53015e-10	0.811488
1.53102e-10	0.808048
1.53189e-10	0.804583
1.53276e-10	0.801093
1.53363e-10	0.797578
1.5345e-10	0.794038
1.53537e-10	0.790474
1.53624e-10	0.786885
1.53712e-10	0.783272
1.53799e-10	0.779636
1.53886e-10	0.775975
1.53973e-10	0.772291
1.5406e-10	0.768584
1.54147e-10	0.764854
1.54234e-10	0.761101
1.54321e-10	0.757325
1.54408e-10	0.753527
1.54495e-10	0.749707
1.54582e-10	0.745865
1.54669e-10	0.742001
1.54756e-10	0.738115
1.54843e-10	0.734208
1.5493e-10	0.73028
1.55018e-10	0.726332
1.55105e-10	0.722362
1.55192e-10	0.718372
1.55279e-10	0.714362
1.55366e-10	0.710333
1.55453e-10	0.706283
1.5554e-10	0.702214
1.55627e-10	0.698126
1.55714e-10	0.694018
1.55801e-10	0.689892
1.55888e-10	0.685748
1.55975e-10	0.681585
1.56062e-10	0.677404
1.56149e-10	0.673205
1.56236e-10	0.668989
1.56323e-10	0.664755
1.56411e-10	0.660504
1.56498e-10	0.656236
1.56585e-10	0.651952
1.56672e-10	0.647651
1.56759e-10	0.643334
1.56846e-10	0.639001
1.56933e-10	0.634653
1.5702e-10	0.630289
1.57107e-10	0.62591
1.57194e-10	0.621515
1.57281e-10	0.617107
1.57368e-10	0.612683
1.57455e-10	0.608246
1.57542e-10	0.603795
1.57629e-10	0.59933
1.57716e-10	0.594851
1.57804e-10	0.590359
1.57891e-10	0.585855
1.57978e-10	0.581337
1.58065e-10	0.576808
1.58152e-10	0.572266
1.58239e-10	0.567711
1.58326e-10	0.563146
1.58413e-10	0.558569
1.585e-10	0.55398
1.58587e-10	0.549381
1.58674e-10	0.544771
1.58761e-10	0.54015
1.58848e-10	0.535519
1.58935e-10	0.530879
1.59022e-10	0.526228
1.5911e-10	0.521569
1.59197e-10	0.5169
1.59284e-10	0.512222
1.59371e-10	0.507535
1.59458e-10	0.50284
1.59545e-10	0.498137
1.59632e-10	0.493425
1.59719e-10	0.488706
1.59806e-10	0.48398
1.59893e-10	0.479247
1.5998e-10	0.474506
1.60067e-10	0.469759
1.60154e-10	0.465006
1.60241e-10	0.460246
1.60328e-10	0.45548
1.60415e-10	0.450709
1.60503e-10	0.445933
1.6059e-10	0.441151
1.60677e-10	0.436364
1.60764e-10	0.431573
1.60851e-10	0.426777
1.60938e-10	0.421977
1.61025e-10	0.417173
1.61112e-10	0.412366
1.61199e-10	0.407555
1.61286e-10	0.402741
1.61373e-10	0.397924
1.6146e-10	0.393105
1.61547e-10	0.388283
1.61634e-10	0.383459
1.61721e-10	0.378633
1.61808e-10	0.373805
1.61896e-10	0.368976
1.61983e-10	0.364146
1.6207e-10	0.359315
1.62157e-10	0.354483
1.62244e-10	0.349651
1.62331e-10	0.344818
1.62418e-10	0.339986
1.62505e-10	0.335154
1.62592e-10	0.330323
1.62679e-10	0.325492
1.62766e-10	0.320662
1.62853e-10	0.315834
1.6294e-10	0.311007
1.63027e-10	0.306182
1.63114e-10	0.301359
1.63202e-10	0.296539
1.63289e-10	0.29172
1.63376e-10	0.286905
1.63463e-10	0.282092
1.6355e-10	0.277283
1.63637e-10	0.272477
1.63724e-10	0.267674
1.63811e-10	0.262876
1.63898e-10	0.258082
1.63985e-10	0.253292
1.64072e-10	0.248506
1.64159e-10	0.243726
1.64246e-10	0.238951
1.64333e-10	0.23418
1.6442e-10	0.229416
1.64507e-10	0.224657
1.64595e-10	0.219904
1.64682e-10	0.215157
1.64769e-10	0.210417
1.64856e-10	0.205683
1.64943e-10	0.200956
1.6503e-10	0.196237
1.65117e-10	0.191524
1.65204e-10	0.186819
1.65291e-10	0.182122
1.65378e-10	0.177433
1.65465e-10	0.172752
1.65552e-10	0.168079
1.65639e-10	0.163415
1.65726e-10	0.15876
1.65813e-10	0.154114
1.65901e-10	0.149477
1.65988e-10	0.14485
1.66075e-10	0.140232
1.66162e-10	0.135624
1.66249e-10	0.131026
1.66336e-10	0.126439
1.66423e-10	0.121862
1.6651e-10	0.117295
1.66597e-10	0.11274
1.66684e-10	0.108196
1.66771e-10	0.103662
1.66858e-10	0.0991409
1.66945e-10	0.0946311
1.67032e-10	0.0901331
1.67119e-10	0.0856472
1.67206e-10	0.0811736
1.67294e-10	0.0767124
1.67381e-10	0.0722639
1.67468e-10	0.0678283
1.67555e-10	0.0634057
1.67642e-10	0.0589963
1.67729e-10	0.0546003
1.67816e-10	0.050218
1.67903e-10	0.0458493
1.6799e-10	0.0414947
1.68077e-10	0.0371542
1.68164e-10	0.032828
1.68251e-10	0.0285163
1.68338e-10	0.0242192
1.68425e-10	0.019937
1.68512e-10	0.0156699
1.68599e-10	0.0114179
1.68687e-10	0.00718123
1.68774e-10	0.00296012
1.68861e-10	-0.0012453
1.68948e-10	-0.00543486
1.69035e-10	-0.0096084
1.69122e-10	-0.0137658
1.69209e-10	-0.0179068
1.69296e-10	-0.0220313
1.69383e-10	-0.0261391
1.6947e-10	-0.0302301
1.69557e-10	-0.0343041
1.69644e-10	-0.0383611
1.69731e-10	-0.0424007
1.69818e-10	-0.0464229
1.69905e-10	-0.0504275
1.69993e-10	-0.0544144
1.7008e-10	-0.0583834
1.70167e-10	-0.0623344
1.70254e-10	-0.0662672
1.70341e-10	-0.0701817
1.70428e-10	-0.0740778
1.70515e-10	-0.0779553
1.70602e-10	-0.081814
1.70689e-10	-0.0856539
1.70776e-10	-0.0894749
1.70863e-10	-0.0932767
1.7095e-10	-0.0970592
1.71037e-10	-0.100822
1.71124e-10	-0.104566
1.71211e-10	-0.10829
1.71298e-10	-0.111994
1.71386e-10	-0.115679
1.71473e-10	-0.119343
1.7156e-10	-0.122988
1.71647e-10	-0.126612
1.71734e-10	-0.130215
1.71821e-10	-0.133799
1.71908e-10	-0.137361
1.71995e-10	-0.140903
1.72082e-10	-0.144425
1.72169e-10	-0.147925
1.72256e-10	-0.151404
1.72343e-10	-0.154862
1.7243e-10	-0.158299
1.72517e-10	-0.161715
1.72604e-10	-0.165109
1.72691e-10	-0.168482
1.72779e-10	-0.171833
1.72866e-10	-0.175163
1.72953e-10	-0.17847
1.7304e-10	-0.181756
1.73127e-10	-0.18502
1.73214e-10	-0.188261
1.73301e-10	-0.191481
1.73388e-10	-0.194678
1.73475e-10	-0.197853
1.73562e-10	-0.201006
1.73649e-10	-0.204136
1.73736e-10	-0.207244
1.73823e-10	-0.210329
1.7391e-10	-0.213391
1.73997e-10	-0.216431
1.74085e-10	-0.219447
1.74172e-10	-0.222441
1.74259e-10	-0.225412
1.74346e-10	-0.22836
1.74433e-10	-0.231284
1.7452e-10	-0.234186
1.74607e-10	-0.237064
1.74694e-10	-0.239919
1.74781e-10	-0.242751
1.74868e-10	-0.245559
1.74955e-10	-0.248344
1.75042e-10	-0.251105
1.75129e-10	-0.253843
1.75216e-10	-0.256557
1.75303e-10	-0.259248
1.7539e-10	-0.261914
1.75478e-10	-0.264557
1.75565e-10	-0.267177
1.75652e-10	-0.269772
1.75739e-10	-0.272344
1.75826e-10	-0.274891
1.75913e-10	-0.277415
1.76e-10	-0.279915
1.76087e-10	-0.282391
1.76174e-10	-0.284842
1.76261e-10	-0.28727
1.76348e-10	-0.289674
1.76435e-10	-0.292053
1.76522e-10	-0.294408
1.76609e-10	-0.29674
1.76696e-10	-0.299047
1.76784e-10	-0.301329
1.76871e-10	-0.303588
1.76958e-10	-0.305822
1.77045e-10	-0.308032
1.77132e-10	-0.310218
1.77219e-10	-0.31238
1.77306e-10	-0.314517
1.77393e-10	-0.31663
1.7748e-10	-0.318719
1.77567e-10	-0.320783
1.77654e-10	-0.322823
1.77741e-10	-0.324839
1.77828e-10	-0.32683
1.77915e-10	-0.328797
1.78002e-10	-0.33074
1.78089e-10	-0.332658
1.78177e-10	-0.334553
1.78264e-10	-0.336423
1.78351e-10	-0.338268
1.78438e-10	-0.340089
1.78525e-10	-0.341886
1.78612e-10	-0.343659
1.78699e-10	-0.345408
1.78786e-10	-0.347132
1.78873e-10	-0.348832
1.7896e-10	-0.350508
1.79047e-10	-0.35216
1.79134e-10	-0.353788
1.79221e-10	-0.355391
1.79308e-10	-0.356971
1.79395e-10	-0.358526
1.79482e-10	-0.360058
1.7957e-10	-0.361565
1.79657e-10	-0.363048
1.79744e-10	-0.364508
1.79831e-10	-0.365943
1.79918e-10	-0.367355
1.80005e-10	-0.368742
1.80092e-10	-0.370106
1.80179e-10	-0.371446
1.80266e-10	-0.372763
1.80353e-10	-0.374055
1.8044e-10	-0.375325
1.80527e-10	-0.37657
1.80614e-10	-0.377792
1.80701e-10	-0.37899
1.80788e-10	-0.380165
1.80876e-10	-0.381317
1.80963e-10	-0.382445
1.8105e-10	-0.38355
1.81137e-10	-0.384631
1.81224e-10	-0.385689
1.81311e-10	-0.386724
1.81398e-10	-0.387737
1.81485e-10	-0.388726
1.81572e-10	-0.389692
1.81659e-10	-0.390635
1.81746e-10	-0.391555
1.81833e-10	-0.392452
1.8192e-10	-0.393327
1.82007e-10	-0.394179
1.82094e-10	-0.395008
1.82181e-10	-0.395815
1.82269e-10	-0.3966
1.82356e-10	-0.397362
1.82443e-10	-0.398101
1.8253e-10	-0.398819
1.82617e-10	-0.399514
1.82704e-10	-0.400187
1.82791e-10	-0.400838
1.82878e-10	-0.401467
1.82965e-10	-0.402074
1.83052e-10	-0.402659
1.83139e-10	-0.403223
1.83226e-10	-0.403765
1.83313e-10	-0.404285
1.834e-10	-0.404784
1.83487e-10	-0.405262
1.83575e-10	-0.405718
1.83662e-10	-0.406153
1.83749e-10	-0.406566
1.83836e-10	-0.406959
1.83923e-10	-0.407331
1.8401e-10	-0.407681
1.84097e-10	-0.408011
1.84184e-10	-0.408321
1.84271e-10	-0.408609
1.84358e-10	-0.408877
1.84445e-10	-0.409125
1.84532e-10	-0.409352
1.84619e-10	-0.409559
1.84706e-10	-0.409746
1.84793e-10	-0.409913
1.8488e-10	-0.41006
1.84968e-10	-0.410187
1.85055e-10	-0.410294
1.85142e-10	-0.410382
1.85229e-10	-0.41045
1.85316e-10	-0.410498
1.85403e-10	-0.410527
1.8549e-10	-0.410537
1.85577e-10	-0.410528
1.85664e-10	-0.4105
1.85751e-10	-0.410452
1.85838e-10	-0.410386
1.85925e-10	-0.410301
1.86012e-10	-0.410198
1.86099e-10	-0.410076
1.86186e-10	-0.409935
1.86273e-10	-0.409776
1.86361e-10	-0.409599
1.86448e-10	-0.409404
1.86535e-10	-0.409191
1.86622e-10	-0.40896
1.86709e-10	-0.408712
1.86796e-10	-0.408445
1.86883e-10	-0.408161
1.8697e-10	-0.40786
1.87057e-10	-0.407541
1.87144e-10	-0.407206
1.87231e-10	-0.406853
1.87318e-10	-0.406483
1.87405e-10	-0.406096
1.87492e-10	-0.405693
1.87579e-10	-0.405273
1.87667e-10	-0.404836
1.87754e-10	-0.404383
1.87841e-10	-0.403914
1.87928e-10	-0.403428
1.88015e-10	-0.402927
1.88102e-10	-0.40241
1.88189e-10	-0.401877
1.88276e-10	-0.401328
1.88363e-10	-0.400764
1.8845e-10	-0.400184
1.88537e-10	-0.399589
1.88624e-10	-0.398979
1.88711e-10	-0.398353
1.88798e-10	-0.397713
1.88885e-10	-0.397058
1.88972e-10	-0.396388
1.8906e-10	-0.395704
1.89147e-10	-0.395005
1.89234e-10	-0.394292
1.89321e-10	-0.393565
1.89408e-10	-0.392823
1.89495e-10	-0.392068
1.89582e-10	-0.391299
1.89669e-10	-0.390516
1.89756e-10	-0.389719
1.89843e-10	-0.388909
1.8993e-10	-0.388086
1.90017e-10	-0.38725
1.90104e-10	-0.3864
1.90191e-10	-0.385538
1.90278e-10	-0.384662
1.90365e-10	-0.383774
1.90453e-10	-0.382874
1.9054e-10	-0.381961
1.90627e-10	-0.381035
1.90714e-10	-0.380098
1.90801e-10	-0.379148
1.90888e-10	-0.378186
1.90975e-10	-0.377213
1.91062e-10	-0.376228
1.91149e-10	-0.375231
1.91236e-10	-0.374223
1.91323e-10	-0.373204
1.9141e-10	-0.372173
1.91497e-10	-0.371131
1.91584e-10	-0.370079
1.91671e-10	-0.369016
1.91759e-10	-0.367942
1.91846e-10	-0.366857
1.91933e-10	-0.365762
1.9202e-10	-0.364657
1.92107e-10	-0.363541
1.92194e-10	-0.362416
1.92281e-10	-0.36128
1.92368e-10	-0.360135
1.92455e-10	-0.35898
1.92542e-10	-0.357816
1.92629e-10	-0.356642
1.92716e-10	-0.355459
1.92803e-10	-0.354266
1.9289e-10	-0.353065
1.92977e-10	-0.351855
1.93064e-10	-0.350636
1.93152e-10	-0.349408
1.93239e-10	-0.348172
1.93326e-10	-0.346928
1.93413e-10	-0.345675
1.935e-10	-0.344414
1.93587e-10	-0.343145
1.93674e-10	-0.341868
1.93761e-10	-0.340583
1.93848e-10	-0.339291
1.93935e-10	-0.337991
1.94022e-10	-0.336683
1.94109e-10	-0.335369
1.94196e-10	-0.334047
1.94283e-10	-0.332718
1.9437e-10	-0.331382
1.94458e-10	-0.33004
1.94545e-10	-0.32869
1.94632e-10	-0.327334
1.94719e-10	-0.325972
1.94806e-10	-0.324604
1.94893e-10	-0.323229
1.9498e-10	-0.321848
1.95067e-10	-0.320461
1.95154e-10	-0.319068
1.95241e-10	-0.31767
1.95328e-10	-0.316266
1.95415e-10	-0.314856
1.95502e-10	-0.313442
1.95589e-10	-0.312022
1.95676e-10	-0.310596
1.95763e-10	-0.309166
1.95851e-10	-0.307731
1.95938e-10	-0.306291
1.96025e-10	-0.304846
1.96112e-10	-0.303397
1.96199e-10	-0.301944
1.96286e-10	-0.300486
1.96373e-10	-0.299024
1.9646e-10	-0.297557
1.96547e-10	-0.296087
1.96634e-10	-0.294613
1.96721e-10	-0.293135
1.96808e-10	-0.291654
1.96895e-10	-0.290169
1.96982e-10	-0.28868
1.97069e-10	-0.287189
1.97156e-10	-0.285694
1.97244e-10	-0.284195
1.97331e-10	-0.282694
1.97418e-10	-0.28119
1.97505e-10	-0.279684
1.97592e-10	-0.278174
1.97679e-10	-0.276662
1.97766e-10	-0.275148
1.97853e-10	-0.273631
1.9794e-10	-0.272112
1.98027e-10	-0.270591
1.98114e-10	-0.269068
1.98201e-10	-0.267543
1.98288e-10	-0.266016
1.98375e-10	-0.264487
1.98462e-10	-0.262957
1.9855e-10	-0.261425
1.98637e-10	-0.259892
1.98724e-10	-0.258357
1.98811e-10	-0.256821
1.98898e-10	-0.255284
1.98985e-10	-0.253747
1.99072e-10	-0.252208
1.99159e-10	-0.250668
1.99246e-10	-0.249127
1.99333e-10	-0.247586
1.9942e-10	-0.246045
1.99507e-10	-0.244503
1.99594e-10	-0.24296
1.99681e-10	-0.241417
1.99768e-10	-0.239875
1.99855e-10	-0.238332
1.99943e-10	-0.236789
2.0003e-10	-0.235246
2.00117e-10	-0.233703
2.00204e-10	-0.232161
2.00291e-10	-0.230619
2.00378e-10	-0.229077
2.00465e-10	-0.227536
2.00552e-10	-0.225996
2.00639e-10	-0.224456
2.00726e-10	-0.222917
2.00813e-10	-0.22138
2.009e-10	-0.219843
2.00987e-10	-0.218307
2.01074e-10	-0.216772
2.01161e-10	-0.215238
2.01249e-10	-0.213706
2.01336e-10	-0.212175
2.01423e-10	-0.210646
2.0151e-10	-0.209118
2.01597e-10	-0.207592
2.01684e-10	-0.206068
2.01771e-10	-0.204545
2.01858e-10	-0.203024
2.01945e-10	-0.201506
2.02032e-10	-0.199989
2.02119e-10	-0.198474
2.02206e-10	-0.196961
2.02293e-10	-0.195451
2.0238e-10	-0.193943
2.02467e-10	-0.192438
2.02554e-10	-0.190934
2.02642e-10	-0.189434
2.02729e-10	-0.187936
2.02816e-10	-0.186441
2.02903e-10	-0.184948
2.0299e-10	-0.183458
2.03077e-10	-0.181971
2.03164e-10	-0.180487
2.03251e-10	-0.179006
2.03338e-10	-0.177529
2.03425e-10	-0.176054
2.03512e-10	-0.174582
2.03599e-10	-0.173114
2.03686e-10	-0.171649
2.03773e-10	-0.170188
2.0386e-10	-0.16873
2.03947e-10	-0.167275
2.04035e-10	-0.165824
2.04122e-10	-0.164377
2.04209e-10	-0.162933
2.04296e-10	-0.161493
2.04383e-10	-0.160057
2.0447e-10	-0.158625
2.04557e-10	-0.157197
2.04644e-10	-0.155773
2.04731e-10	-0.154353
2.04818e-10	-0.152936
2.04905e-10	-0.151524
2.04992e-10	-0.150117
2.05079e-10	-0.148713
2.05166e-10	-0.147314
2.05253e-10	-0.145919
2.05341e-10	-0.144529
2.05428e-10	-0.143143
2.05515e-10	-0.141761
2.05602e-10	-0.140384
2.05689e-10	-0.139012
2.05776e-10	-0.137644
2.05863e-10	-0.136281
2.0595e-10	-0.134923
2.06037e-10	-0.133569
2.06124e-10	-0.132221
2.06211e-10	-0.130877
2.06298e-10	-0.129538
2.06385e-10	-0.128204
2.06472e-10	-0.126875
2.06559e-10	-0.125551
2.06646e-10	-0.124232
2.06734e-10	-0.122919
2.06821e-10	-0.12161
2.06908e-10	-0.120307
2.06995e-10	-0.119009
2.07082e-10	-0.117716
2.07169e-10	-0.116428
2.07256e-10	-0.115146
2.07343e-10	-0.113869
2.0743e-10	-0.112597
2.07517e-10	-0.111331
2.07604e-10	-0.110071
2.07691e-10	-0.108816
2.07778e-10	-0.107566
2.07865e-10	-0.106322
2.07952e-10	-0.105084
2.08039e-10	-0.103851
2.08127e-10	-0.102624
2.08214e-10	-0.101403
2.08301e-10	-0.100187
2.08388e-10	-0.0989774
2.08475e-10	-0.0977733
2.08562e-10	-0.096575
2.08649e-10	-0.0953824
2.08736e-10	-0.0941958
2.08823e-10	-0.0930149
2.0891e-10	-0.09184
2.08997e-10	-0.090671
2.09084e-10	-0.089508
2.09171e-10	-0.0883509
2.09258e-10	-0.0871998
2.09345e-10	-0.0860546
2.09433e-10	-0.0849155
2.0952e-10	-0.0837825
2.09607e-10	-0.0826555
2.09694e-10	-0.0815346
2.09781e-10	-0.0804198
2.09868e-10	-0.0793111
2.09955e-10	-0.0782085
2.10042e-10	-0.0771121
2.10129e-10	-0.0760219
2.10216e-10	-0.0749378
2.10303e-10	-0.0738599
2.1039e-10	-0.0727882
2.10477e-10	-0.0717228
2.10564e-10	-0.0706635
2.10651e-10	-0.0696106
2.10738e-10	-0.0685638
2.10826e-10	-0.0675234
2.10913e-10	-0.0664892
2.11e-10	-0.0654613
2.11087e-10	-0.0644397
2.11174e-10	-0.0634244
2.11261e-10	-0.0624155
2.11348e-10	-0.0614128
2.11435e-10	-0.0604165
2.11522e-10	-0.0594265
2.11609e-10	-0.0584429
2.11696e-10	-0.0574656
2.11783e-10	-0.0564947
2.1187e-10	-0.0555301
2.11957e-10	-0.0545719
2.12044e-10	-0.0536201
2.12132e-10	-0.0526746
2.12219e-10	-0.0517356
2.12306e-10	-0.0508028
2.12393e-10	-0.0498765
2.1248e-10	-0.0489566
2.12567e-10	-0.048043
2.12654e-10	-0.0471359
2.12741e-10	-0.0462351
2.12828e-10	-0.0453407
2.12915e-10	-0.0444527
2.13002e-10	-0.043571
2.13089e-10	-0.0426958
2.13176e-10	-0.0418269
2.13263e-10	-0.0409644
2.1335e-10	-0.0401083
2.13437e-10	-0.0392585
2.13525e-10	-0.0384152
2.13612e-10	-0.0375781
2.13699e-10	-0.0367475
2.13786e-10	-0.0359232
2.13873e-10	-0.0351052
2.1396e-10	-0.0342936
2.14047e-10	-0.0334883
2.14134e-10	-0.0326893
2.14221e-10	-0.0318967
2.14308e-10	-0.0311104
2.14395e-10	-0.0303304
2.14482e-10	-0.0295566
2.14569e-10	-0.0287892
2.14656e-10	-0.0280281
2.14743e-10	-0.0272732
2.1483e-10	-0.0265246
2.14918e-10	-0.0257822
2.15005e-10	-0.0250461
2.15092e-10	-0.0243162
2.15179e-10	-0.0235926
2.15266e-10	-0.0228751
2.15353e-10	-0.0221639
2.1544e-10	-0.0214588
2.15527e-10	-0.0207599
2.15614e-10	-0.0200671
2.15701e-10	-0.0193805
2.15788e-10	-0.0187001
2.15875e-10	-0.0180257
2.15962e-10	-0.0173575
2.16049e-10	-0.0166953
2.16136e-10	-0.0160393
2.16224e-10	-0.0153892
2.16311e-10	-0.0147453
2.16398e-10	-0.0141073
2.16485e-10	-0.0134754
2.16572e-10	-0.0128495
2.16659e-10	-0.0122295
2.16746e-10	-0.0116155
2.16833e-10	-0.0110075
2.1692e-10	-0.0104054
2.17007e-10	-0.00980918
2.17094e-10	-0.00921888
2.17181e-10	-0.00863445
2.17268e-10	-0.00805587
2.17355e-10	-0.00748314
2.17442e-10	-0.00691622
2.17529e-10	-0.00635511
2.17617e-10	-0.00579977
2.17704e-10	-0.0052502
2.17791e-10	-0.00470637
2.17878e-10	-0.00416825
2.17965e-10	-0.00363584
2.18052e-10	-0.00310911
2.18139e-10	-0.00258803
2.18226e-10	-0.0020726
2.18313e-10	-0.00156277
2.184e-10	-0.00105855
2.18487e-10	-0.000559894
2.18574e-10	-6.67912e-05
2.18661e-10	0.000420783
2.18748e-10	0.000902851
2.18835e-10	0.00137944
2.18922e-10	0.00185056
2.1901e-10	0.00231624
2.19097e-10	0.00277651
2.19184e-10	0.00323139
2.19271e-10	0.0036809
2.19358e-10	0.00412507
2.19445e-10	0.00456392
2.19532e-10	0.00499747
2.19619e-10	0.00542574
2.19706e-10	0.00584877
2.19793e-10	0.00626658
2.1988e-10	0.00667919
2.19967e-10	0.00708662
2.20054e-10	0.00748891
2.20141e-10	0.00788607
2.20228e-10	0.00827813
2.20316e-10	0.00866512
2.20403e-10	0.00904706
2.2049e-10	0.00942398
2.20577e-10	0.00979591
2.20664e-10	0.0101629
2.20751e-10	0.0105249
2.20838e-10	0.010882
2.20925e-10	0.0112342
2.21012e-10	0.0115815
2.21099e-10	0.011924
2.21186e-10	0.0122617
2.21273e-10	0.0125946
2.2136e-10	0.0129227
2.21447e-10	0.0132461
2.21534e-10	0.0135648
2.21621e-10	0.0138788
2.21709e-10	0.0141882
2.21796e-10	0.014493
2.21883e-10	0.0147931
2.2197e-10	0.0150887
2.22057e-10	0.0153798
2.22144e-10	0.0156663
2.22231e-10	0.0159483
2.22318e-10	0.0162259
2.22405e-10	0.0164991
2.22492e-10	0.0167678
2.22579e-10	0.0170322
2.22666e-10	0.0172922
2.22753e-10	0.017548
2.2284e-10	0.0177994
2.22927e-10	0.0180466
2.23015e-10	0.0182895
2.23102e-10	0.0185282
2.23189e-10	0.0187627
2.23276e-10	0.0189931
2.23363e-10	0.0192194
2.2345e-10	0.0194416
2.23537e-10	0.0196597
2.23624e-10	0.0198738
2.23711e-10	0.0200839
2.23798e-10	0.02029
2.23885e-10	0.0204921
2.23972e-10	0.0206903
2.24059e-10	0.0208846
2.24146e-10	0.0210751
2.24233e-10	0.0212617
2.2432e-10	0.0214445
2.24408e-10	0.0216236
2.24495e-10	0.0217988
2.24582e-10	0.0219704
2.24669e-10	0.0221383
2.24756e-10	0.0223025
2.24843e-10	0.022463
2.2493e-10	0.02262
2.25017e-10	0.0227733
2.25104e-10	0.0229232
2.25191e-10	0.0230695
2.25278e-10	0.0232123
2.25365e-10	0.0233516
2.25452e-10	0.0234875
2.25539e-10	0.02362
2.25626e-10	0.0237491
2.25713e-10	0.0238748
2.25801e-10	0.0239972
2.25888e-10	0.0241164
2.25975e-10	0.0242322
2.26062e-10	0.0243448
2.26149e-10	0.0244542
2.26236e-10	0.0245604
2.26323e-10	0.0246635
2.2641e-10	0.0247634
2.26497e-10	0.0248603
2.26584e-10	0.024954
2.26671e-10	0.0250447
2.26758e-10	0.0251324
2.26845e-10	0.0252171
2.26932e-10	0.0252989
2.27019e-10	0.0253777
2.27107e-10	0.0254536
2.27194e-10	0.0255266
2.27281e-10	0.0255968
2.27368e-10	0.0256641
2.27455e-10	0.0257287
2.27542e-10	0.0257905
2.27629e-10	0.0258495
2.27716e-10	0.0259058
2.27803e-10	0.0259594
2.2789e-10	0.0260104
2.27977e-10	0.0260587
2.28064e-10	0.0261045
2.28151e-10	0.0261476
2.28238e-10	0.0261882
2.28325e-10	0.0262262
2.28412e-10	0.0262618
2.285e-10	0.0262949
2.28587e-10	0.0263255
2.28674e-10	0.0263537
2.28761e-10	0.0263795
2.28848e-10	0.026403
2.28935e-10	0.026424
2.29022e-10	0.0264428
2.29109e-10	0.0264593
2.29196e-10	0.0264735
2.29283e-10	0.0264855
2.2937e-10	0.0264952
2.29457e-10	0.0265028
2.29544e-10	0.0265082
2.29631e-10	0.0265114
2.29718e-10	0.0265125
2.29806e-10	0.0265116
2.29893e-10	0.0265085
2.2998e-10	0.0265035
2.30067e-10	0.0264964
2.30154e-10	0.0264873
2.30241e-10	0.0264762
2.30328e-10	0.0264632
2.30415e-10	0.0264483
2.30502e-10	0.0264315
2.30589e-10	0.0264128
2.30676e-10	0.0263923
2.30763e-10	0.0263699
2.3085e-10	0.0263458
2.30937e-10	0.0263198
2.31024e-10	0.0262921
2.31111e-10	0.0262627
2.31199e-10	0.0262316
2.31286e-10	0.0261988
2.31373e-10	0.0261643
2.3146e-10	0.0261282
2.31547e-10	0.0260904
2.31634e-10	0.0260511
2.31721e-10	0.0260102
2.31808e-10	0.0259677
2.31895e-10	0.0259238
2.31982e-10	0.0258783
2.32069e-10	0.0258313
2.32156e-10	0.0257829
2.32243e-10	0.025733
2.3233e-10	0.0256817
2.32417e-10	0.025629
2.32504e-10	0.025575
2.32592e-10	0.0255195
2.32679e-10	0.0254628
2.32766e-10	0.0254047
2.32853e-10	0.0253454
2.3294e-10	0.0252847
2.33027e-10	0.0252228
2.33114e-10	0.0251597
2.33201e-10	0.0250954
2.33288e-10	0.0250299
2.33375e-10	0.0249632
2.33462e-10	0.0248954
2.33549e-10	0.0248264
2.33636e-10	0.0247563
2.33723e-10	0.0246852
2.3381e-10	0.0246129
2.33898e-10	0.0245396
2.33985e-10	0.0244653
2.34072e-10	0.02439
2.34159e-10	0.0243136
2.34246e-10	0.0242363
2.34333e-10	0.024158
2.3442e-10	0.0240788
2.34507e-10	0.0239987
2.34594e-10	0.0239176
2.34681e-10	0.0238357
2.34768e-10	0.0237529
2.34855e-10	0.0236692
2.34942e-10	0.0235847
2.35029e-10	0.0234994
2.35116e-10	0.0234133
2.35203e-10	0.0233265
2.35291e-10	0.0232388
2.35378e-10	0.0231504
2.35465e-10	0.0230613
2.35552e-10	0.0229714
2.35639e-10	0.0228809
2.35726e-10	0.0227897
2.35813e-10	0.0226978
2.359e-10	0.0226052
2.35987e-10	0.0225121
2.36074e-10	0.0224183
2.36161e-10	0.0223239
2.36248e-10	0.0222289
2.36335e-10	0.0221334
2.36422e-10	0.0220373
2.36509e-10	0.0219406
2.36596e-10	0.0218434
2.36684e-10	0.0217458
2.36771e-10	0.0216476
2.36858e-10	0.0215489
2.36945e-10	0.0214498
2.37032e-10	0.0213502
2.37119e-10	0.0212502
2.37206e-10	0.0211498
2.37293e-10	0.0210489
2.3738e-10	0.0209476
2.37467e-10	0.020846
2.37554e-10	0.020744
2.37641e-10	0.0206416
2.37728e-10	0.0205389
2.37815e-10	0.0204359
2.37902e-10	0.0203326
2.3799e-10	0.0202289
2.38077e-10	0.020125
2.38164e-10	0.0200207
2.38251e-10	0.0199163
2.38338e-10	0.0198115
2.38425e-10	0.0197065
2.38512e-10	0.0196013
2.38599e-10	0.0194959
2.38686e-10	0.0193902
2.38773e-10	0.0192844
2.3886e-10	0.0191784
2.38947e-10	0.0190722
2.39034e-10	0.0189659
2.39121e-10	0.0188594
2.39208e-10	0.0187527
2.39295e-10	0.018646
2.39383e-10	0.0185391
2.3947e-10	0.0184321
2.39557e-10	0.0183251
2.39644e-10	0.0182179
2.39731e-10	0.0181107
2.39818e-10	0.0180034
2.39905e-10	0.0178961
2.39992e-10	0.0177887
2.40079e-10	0.0176813
2.40166e-10	0.0175738
2.40253e-10	0.0174664
2.4034e-10	0.0173589
2.40427e-10	0.0172515
2.40514e-10	0.017144
2.40601e-10	0.0170366
2.40689e-10	0.0169292
2.40776e-10	0.0168219
2.40863e-10	0.0167146
2.4095e-10	0.0166074
2.41037e-10	0.0165002
2.41124e-10	0.0163931
2.41211e-10	0.0162861
2.41298e-10	0.0161792
2.41385e-10	0.0160724
2.41472e-10	0.0159657
2.41559e-10	0.0158591
2.41646e-10	0.0157526
2.41733e-10	0.0156463
2.4182e-10	0.0155401
2.41907e-10	0.0154341
2.41994e-10	0.0153282
2.42082e-10	0.0152225
2.42169e-10	0.0151169
2.42256e-10	0.0150116
2.42343e-10	0.0149064
2.4243e-10	0.0148014
2.42517e-10	0.0146966
2.42604e-10	0.014592
2.42691e-10	0.0144876
2.42778e-10	0.0143834
2.42865e-10	0.0142794
2.42952e-10	0.0141757
2.43039e-10	0.0140722
2.43126e-10	0.013969
2.43213e-10	0.013866
2.433e-10	0.0137632
2.43387e-10	0.0136607
2.43475e-10	0.0135585
2.43562e-10	0.0134566
2.43649e-10	0.0133549
2.43736e-10	0.0132535
2.43823e-10	0.0131524
2.4391e-10	0.0130515
2.43997e-10	0.012951
2.44084e-10	0.0128508
2.44171e-10	0.0127509
2.44258e-10	0.0126513
2.44345e-10	0.012552
2.44432e-10	0.012453
2.44519e-10	0.0123543
2.44606e-10	0.012256
2.44693e-10	0.012158
2.44781e-10	0.0120604
2.44868e-10	0.0119631
2.44955e-10	0.0118661
2.45042e-10	0.0117695
2.45129e-10	0.0116732
2.45216e-10	0.0115773
2.45303e-10	0.0114818
2.4539e-10	0.0113866
2.45477e-10	0.0112918
2.45564e-10	0.0111973
2.45651e-10	0.0111033
2.45738e-10	0.0110096
2.45825e-10	0.0109163
2.45912e-10	0.0108233
2.45999e-10	0.0107308
2.46086e-10	0.0106387
2.46174e-10	0.0105469
2.46261e-10	0.0104556
2.46348e-10	0.0103646
2.46435e-10	0.0102741
2.46522e-10	0.0101839
2.46609e-10	0.0100942
2.46696e-10	0.0100049
2.46783e-10	0.00991597
2.4687e-10	0.00982747
2.46957e-10	0.00973939
2.47044e-10	0.00965173
2.47131e-10	0.00956449
2.47218e-10	0.00947768
2.47305e-10	0.00939129
2.47392e-10	0.00930533
2.47479e-10	0.00921979
2.47567e-10	0.00913469
2.47654e-10	0.00905003
2.47741e-10	0.00896579
2.47828e-10	0.008882
2.47915e-10	0.00879864
2.48002e-10	0.00871572
2.48089e-10	0.00863324
2.48176e-10	0.00855121
2.48263e-10	0.00846962
2.4835e-10	0.00838847
2.48437e-10	0.00830777
2.48524e-10	0.00822751
2.48611e-10	0.00814771
2.48698e-10	0.00806835
2.48785e-10	0.00798945
2.48873e-10	0.00791099
2.4896e-10	0.00783299
2.49047e-10	0.00775544
2.49134e-10	0.00767835
2.49221e-10	0.00760171
2.49308e-10	0.00752552
2.49395e-10	0.00744979
2.49482e-10	0.00737451
2.49569e-10	0.0072997
2.49656e-10	0.00722534
2.49743e-10	0.00715143
2.4983e-10	0.00707799
2.49917e-10	0.007005
2.50004e-10	0.00693247
2.50091e-10	0.0068604
2.50178e-10	0.00678879
2.50266e-10	0.00671764
2.50353e-10	0.00664695
2.5044e-10	0.00657671
2.50527e-10	0.00650693
2.50614e-10	0.00643762
2.50701e-10	0.00636876
2.50788e-10	0.00630036
2.50875e-10	0.00623242
2.50962e-10	0.00616493
2.51049e-10	0.00609791
2.51136e-10	0.00603134
2.51223e-10	0.00596523
2.5131e-10	0.00589958
2.51397e-10	0.00583438
2.51484e-10	0.00576964
2.51572e-10	0.00570535
2.51659e-10	0.00564152
2.51746e-10	0.00557814
2.51833e-10	0.00551521
2.5192e-10	0.00545274
2.52007e-10	0.00539072
2.52094e-10	0.00532916
2.52181e-10	0.00526804
2.52268e-10	0.00520737
2.52355e-10	0.00514715
2.52442e-10	0.00508738
2.52529e-10	0.00502806
2.52616e-10	0.00496918
2.52703e-10	0.00491075
2.5279e-10	0.00485277
2.52877e-10	0.00479523
2.52965e-10	0.00473813
2.53052e-10	0.00468147
2.53139e-10	0.00462525
2.53226e-10	0.00456947
2.53313e-10	0.00451413
2.534e-10	0.00445922
2.53487e-10	0.00440475
2.53574e-10	0.00435072
2.53661e-10	0.00429712
2.53748e-10	0.00424395
2.53835e-10	0.00419121
2.53922e-10	0.0041389
2.54009e-10	0.00408702
2.54096e-10	0.00403556
2.54183e-10	0.00398453
2.5427e-10	0.00393392
2.54358e-10	0.00388374
2.54445e-10	0.00383397
2.54532e-10	0.00378463
2.54619e-10	0.0037357
2.54706e-10	0.00368719
2.54793e-10	0.0036391
2.5488e-10	0.00359141
2.54967e-10	0.00354414
2.55054e-10	0.00349728
2.55141e-10	0.00345083
2.55228e-10	0.00340478
2.55315e-10	0.00335914
2.55402e-10	0.0033139
2.55489e-10	0.00326907
2.55576e-10	0.00322463
2.55664e-10	0.00318059
2.55751e-10	0.00313695
2.55838e-10	0.00309371
2.55925e-10	0.00305085
2.56012e-10	0.00300839
2.56099e-10	0.00296632
2.56186e-10	0.00292464
2.56273e-10	0.00288334
2.5636e-10	0.00284242
2.56447e-10	0.00280189
2.56534e-10	0.00276174
2.56621e-10	0.00272197
2.56708e-10	0.00268257
2.56795e-10	0.00264355
2.56882e-10	0.0026049
2.56969e-10	0.00256662
2.57057e-10	0.00252871
2.57144e-10	0.00249117
2.57231e-10	0.002454
2.57318e-10	0.00241719
2.57405e-10	0.00238073
2.57492e-10	0.00234464
2.57579e-10	0.00230891
2.57666e-10	0.00227353
2.57753e-10	0.00223851
2.5784e-10	0.00220383
2.57927e-10	0.00216951
2.58014e-10	0.00213553
2.58101e-10	0.0021019
2.58188e-10	0.00206862
2.58275e-10	0.00203567
2.58363e-10	0.00200306
2.5845e-10	0.0019708
2.58537e-10	0.00193886
2.58624e-10	0.00190727
2.58711e-10	0.001876
2.58798e-10	0.00184506
2.58885e-10	0.00181445
2.58972e-10	0.00178416
2.59059e-10	0.0017542
2.59146e-10	0.00172456
2.59233e-10	0.00169524
2.5932e-10	0.00166624
2.59407e-10	0.00163755
2.59494e-10	0.00160917
2.59581e-10	0.00158111
2.59668e-10	0.00155335
2.59756e-10	0.0015259
2.59843e-10	0.00149876
2.5993e-10	0.00147192
2.60017e-10	0.00144538
2.60104e-10	0.00141914
2.60191e-10	0.00139319
2.60278e-10	0.00136754
2.60365e-10	0.00134218
2.60452e-10	0.00131711
2.60539e-10	0.00129233
2.60626e-10	0.00126784
2.60713e-10	0.00124363
2.608e-10	0.00121971
2.60887e-10	0.00119606
2.60974e-10	0.00117269
2.61061e-10	0.0011496
2.61149e-10	0.00112678
2.61236e-10	0.00110424
2.61323e-10	0.00108196
2.6141e-10	0.00105995
2.61497e-10	0.00103821
2.61584e-10	0.00101674
2.61671e-10	0.000995519
2.61758e-10	0.000974563
2.61845e-10	0.000953865
2.61932e-10	0.000933422
2.62019e-10	0.000913233
2.62106e-10	0.000893297
2.62193e-10	0.00087361
2.6228e-10	0.00085417
2.62367e-10	0.000834977
2.62455e-10	0.000816028
2.62542e-10	0.00079732
2.62629e-10	0.000778852
2.62716e-10	0.000760622
2.62803e-10	0.000742628
2.6289e-10	0.000724869
2.62977e-10	0.000707341
2.63064e-10	0.000690043
2.63151e-10	0.000672973
2.63238e-10	0.00065613
2.63325e-10	0.000639511
2.63412e-10	0.000623114
2.63499e-10	0.000606938
2.63586e-10	0.00059098
2.63673e-10	0.000575239
2.6376e-10	0.000559713
2.63848e-10	0.000544399
2.63935e-10	0.000529296
2.64022e-10	0.000514403
2.64109e-10	0.000499717
2.64196e-10	0.000485236
2.64283e-10	0.000470958
2.6437e-10	0.000456883
2.64457e-10	0.000443007
2.64544e-10	0.000429329
2.64631e-10	0.000415847
2.64718e-10	0.000402559
2.64805e-10	0.000389464
2.64892e-10	0.00037656
2.64979e-10	0.000363845
2.65066e-10	0.000351316
2.65153e-10	0.000338974
2.65241e-10	0.000326814
2.65328e-10	0.000314837
2.65415e-10	0.00030304
2.65502e-10	0.000291421
2.65589e-10	0.000279978
2.65676e-10	0.000268711
2.65763e-10	0.000257617
2.6585e-10	0.000246694
2.65937e-10	0.000235941
2.66024e-10	0.000225356
2.66111e-10	0.000214937
2.66198e-10	0.000204683
2.66285e-10	0.000194592
2.66372e-10	0.000184663
2.66459e-10	0.000174893
2.66547e-10	0.000165281
2.66634e-10	0.000155826
2.66721e-10	0.000146525
2.66808e-10	0.000137378
2.66895e-10	0.000128382
2.66982e-10	0.000119537
2.67069e-10	0.00011084
2.67156e-10	0.000102289
2.67243e-10	9.38845e-05
2.6733e-10	8.56234e-05
2.67417e-10	7.75044e-05
2.67504e-10	6.95261e-05
2.67591e-10	6.16869e-05
2.67678e-10	5.39854e-05
2.67765e-10	4.64199e-05
2.67852e-10	3.89891e-05
2.6794e-10	3.16914e-05
2.68027e-10	2.45254e-05
2.68114e-10	1.74895e-05
2.68201e-10	1.05824e-05
2.68288e-10	3.80249e-06
2.68375e-10	-2.85157e-06
2.68462e-10	-9.38125e-06
2.68549e-10	-1.5788e-05
2.68636e-10	-2.20731e-05
2.68723e-10	-2.82381e-05
2.6881e-10	-3.42844e-05
2.68897e-10	-4.02133e-05
2.68984e-10	-4.60261e-05
2.69071e-10	-5.17244e-05
2.69158e-10	-5.73093e-05
2.69246e-10	-6.27824e-05
2.69333e-10	-6.81448e-05
2.6942e-10	-7.3398e-05
2.69507e-10	-7.85432e-05
2.69594e-10	-8.35817e-05
2.69681e-10	-8.85149e-05
2.69768e-10	-9.33441e-05
2.69855e-10	-9.80704e-05
2.69942e-10	-0.000102695
2.70029e-10	-0.00010722
2.70116e-10	-0.000111645
2.70203e-10	-0.000115973
2.7029e-10	-0.000120204
2.70377e-10	-0.00012434
2.70464e-10	-0.000128382
2.70551e-10	-0.000132331
2.70639e-10	-0.000136188
2.70726e-10	-0.000139955
2.70813e-10	-0.000143632
2.709e-10	-0.000147221
2.70987e-10	-0.000150723
2.71074e-10	-0.000154139
2.71161e-10	-0.000157471
2.71248e-10	-0.000160718
2.71335e-10	-0.000163883
2.71422e-10	-0.000166967
2.71509e-10	-0.000169971
2.71596e-10	-0.000172895
2.71683e-10	-0.000175741
2.7177e-10	-0.00017851
2.71857e-10	-0.000181203
2.71944e-10	-0.00018382
2.72032e-10	-0.000186364
2.72119e-10	-0.000188835
2.72206e-10	-0.000191235
2.72293e-10	-0.000193563
2.7238e-10	-0.000195821
2.72467e-10	-0.000198011
2.72554e-10	-0.000200133
2.72641e-10	-0.000202187
2.72728e-10	-0.000204176
2.72815e-10	-0.0002061
2.72902e-10	-0.00020796
2.72989e-10	-0.000209757
2.73076e-10	-0.000211492
2.73163e-10	-0.000213165
2.7325e-10	-0.000214778
2.73338e-10	-0.000216332
2.73425e-10	-0.000217827
2.73512e-10	-0.000219265
2.73599e-10	-0.000220646
2.73686e-10	-0.000221971
2.73773e-10	-0.000223241
2.7386e-10	-0.000224457
2.73947e-10	-0.000225619
2.74034e-10	-0.000226729
2.74121e-10	-0.000227788
2.74208e-10	-0.000228796
2.74295e-10	-0.000229754
2.74382e-10	-0.000230662
2.74469e-10	-0.000231523
2.74556e-10	-0.000232335
2.74643e-10	-0.000233101
2.74731e-10	-0.000233821
2.74818e-10	-0.000234496
2.74905e-10	-0.000235126
2.74992e-10	-0.000235712
2.75079e-10	-0.000236256
2.75166e-10	-0.000236757
2.75253e-10	-0.000237216
2.7534e-10	-0.000237635
2.75427e-10	-0.000238013
2.75514e-10	-0.000238353
2.75601e-10	-0.000238653
2.75688e-10	-0.000238915
2.75775e-10	-0.000239141
2.75862e-10	-0.000239329
2.75949e-10	-0.000239481
2.76037e-10	-0.000239598
2.76124e-10	-0.00023968
2.76211e-10	-0.000239729
2.76298e-10	-0.000239743
2.76385e-10	-0.000239725
2.76472e-10	-0.000239675
2.76559e-10	-0.000239594
2.76646e-10	-0.000239481
2.76733e-10	-0.000239338
2.7682e-10	-0.000239165
2.76907e-10	-0.000238963
2.76994e-10	-0.000238732
2.77081e-10	-0.000238474
2.77168e-10	-0.000238188
2.77255e-10	-0.000237875
2.77342e-10	-0.000237535
2.7743e-10	-0.00023717
2.77517e-10	-0.00023678
2.77604e-10	-0.000236365
2.77691e-10	-0.000235925
2.77778e-10	-0.000235462
2.77865e-10	-0.000234976
2.77952e-10	-0.000234467
2.78039e-10	-0.000233936
2.78126e-10	-0.000233383
2.78213e-10	-0.000232809
2.783e-10	-0.000232215
2.78387e-10	-0.0002316
2.78474e-10	-0.000230966
2.78561e-10	-0.000230312
2.78648e-10	-0.000229639
2.78735e-10	-0.000228948
2.78823e-10	-0.000228239
2.7891e-10	-0.000227512
2.78997e-10	-0.000226769
2.79084e-10	-0.000226009
2.79171e-10	-0.000225232
2.79258e-10	-0.00022444
2.79345e-10	-0.000223632
2.79432e-10	-0.00022281
2.79519e-10	-0.000221973
2.79606e-10	-0.000221121
2.79693e-10	-0.000220256
2.7978e-10	-0.000219378
2.79867e-10	-0.000218486
2.79954e-10	-0.000217582
2.80041e-10	-0.000216665
2.80129e-10	-0.000215737
2.80216e-10	-0.000214797
2.80303e-10	-0.000213845
2.8039e-10	-0.000212883
2.80477e-10	-0.00021191
2.80564e-10	-0.000210928
2.80651e-10	-0.000209935
2.80738e-10	-0.000208933
2.80825e-10	-0.000207921
2.80912e-10	-0.000206901
2.80999e-10	-0.000205872
2.81086e-10	-0.000204834
2.81173e-10	-0.000203789
2.8126e-10	-0.000202736
2.81347e-10	-0.000201676
2.81434e-10	-0.000200609
2.81522e-10	-0.000199535
2.81609e-10	-0.000198454
2.81696e-10	-0.000197367
2.81783e-10	-0.000196274
2.8187e-10	-0.000195176
2.81957e-10	-0.000194071
2.82044e-10	-0.000192962
2.82131e-10	-0.000191848
2.82218e-10	-0.000190729
2.82305e-10	-0.000189606
2.82392e-10	-0.000188479
2.82479e-10	-0.000187347
2.82566e-10	-0.000186212
2.82653e-10	-0.000185074
2.8274e-10	-0.000183932
2.82827e-10	-0.000182787
2.82915e-10	-0.000181639
2.83002e-10	-0.000180489
2.83089e-10	-0.000179336
2.83176e-10	-0.000178182
2.83263e-10	-0.000177025
2.8335e-10	-0.000175866
2.83437e-10	-0.000174706
2.83524e-10	-0.000173545
2.83611e-10	-0.000172382
2.83698e-10	-0.000171218
2.83785e-10	-0.000170054
2.83872e-10	-0.000168889
2.83959e-10	-0.000167723
2.84046e-10	-0.000166557
2.84133e-10	-0.000165391
2.84221e-10	-0.000164225
2.84308e-10	-0.000163059
2.84395e-10	-0.000161894
2.84482e-10	-0.000160729
2.84569e-10	-0.000159565
2.84656e-10	-0.000158402
2.84743e-10	-0.000157239
2.8483e-10	-0.000156078
2.84917e-10	-0.000154918
2.85004e-10	-0.00015376
2.85091e-10	-0.000152603
2.85178e-10	-0.000151447
2.85265e-10	-0.000150294
2.85352e-10	-0.000149142
2.85439e-10	-0.000147993
2.85526e-10	-0.000146845
2.85614e-10	-0.0001457
2.85701e-10	-0.000144558
2.85788e-10	-0.000143418
2.85875e-10	-0.00014228
2.85962e-10	-0.000141146
2.86049e-10	-0.000140014
2.86136e-10	-0.000138885
2.86223e-10	-0.000137759
2.8631e-10	-0.000136637
2.86397e-10	-0.000135518
2.86484e-10	-0.000134402
2.86571e-10	-0.000133289
2.86658e-10	-0.00013218
2.86745e-10	-0.000131075
2.86832e-10	-0.000129974
2.8692e-10	-0.000128876
2.87007e-10	-0.000127782
2.87094e-10	-0.000126692
2.87181e-10	-0.000125606
2.87268e-10	-0.000124524
2.87355e-10	-0.000123447
2.87442e-10	-0.000122374
2.87529e-10	-0.000121305
2.87616e-10	-0.00012024
2.87703e-10	-0.00011918
2.8779e-10	-0.000118124
2.87877e-10	-0.000117074
