% time-domain voltage integration by openEMS v0.0.36 @Sat Dec  9 19:00:07 2023
% start-coordinates: (-0.01185,0,-0) m -> [27,49,9]
% stop-coordinates: (-0.01185,0,-0.00033626) m -> [27,49,0]
% t/s	voltage
0	0
6.18154598213e-12	0
1.23630919643e-11	0
1.85446379464e-11	0
2.47261839285e-11	0
3.09077299107e-11	0
3.70892758928e-11	0
4.32708218749e-11	0
4.94523678571e-11	0
5.56339138392e-11	0
6.18154598213e-11	0
6.79970058035e-11	0
7.41785517856e-11	-9.35522727435e-31
8.03600977677e-11	-2.63173354858e-23
8.65416437499e-11	-1.49165211545e-17
9.2723189732e-11	-1.79130018619e-13
9.89047357141e-11	-3.28456944802e-11
1.05086281696e-10	5.72383499105e-11
1.11267827678e-10	-1.15446078044e-10
1.17449373661e-10	-2.9553519007e-10
1.23630919643e-10	4.43813831172e-11
1.29812465625e-10	2.19233138588e-10
1.35994011607e-10	4.83817361174e-10
1.42175557589e-10	1.80822558316e-09
1.48357103571e-10	3.41475378529e-09
1.54538649553e-10	3.36464658912e-09
1.60720195535e-10	-1.71630626378e-09
1.66901741518e-10	-2.03213226246e-08
1.730832875e-10	-6.97436597363e-08
1.79264833482e-10	-1.48463829674e-07
1.85446379464e-10	-6.91077830517e-08
1.91627925446e-10	8.40683455294e-07
1.97809471428e-10	3.29975287627e-06
2.0399101741e-10	8.01003841389e-06
2.10172563393e-10	1.64596597187e-05
2.16354109375e-10	2.82320329461e-05
2.22535655357e-10	4.07930469919e-05
2.28717201339e-10	4.69705792057e-05
2.34898747321e-10	3.34656565428e-05
2.41080293303e-10	-1.77460017312e-05
2.47261839285e-10	-0.000124221262922
2.53443385267e-10	-0.000293230856187
2.5962493125e-10	-0.000509384237375
2.65806477232e-10	-0.000725274396245
2.71988023214e-10	-0.000862729059008
2.78169569196e-10	-0.00083040696336
2.84351115178e-10	-0.000556868471904
2.9053266116e-10	-2.89221075036e-05
2.96714207142e-10	0.000682464327838
3.02895753125e-10	0.00142569621676
3.09077299107e-10	0.00200801869505
3.15258845089e-10	0.00226010888582
3.21440391071e-10	0.00209990885924
3.27621937053e-10	0.0015667687403
3.33803483035e-10	0.000808934259112
3.39985029017e-10	2.91051555905e-05
3.46166574999e-10	-0.000587530928897
3.52348120982e-10	-0.000931485679757
3.58529666964e-10	-0.000991126282315
3.64711212946e-10	-0.000835514001665
3.70892758928e-10	-0.000572413504415
3.7707430491e-10	-0.000303629585687
3.83255850892e-10	-9.55842042458e-05
3.89437396874e-10	2.82720591258e-05
3.95618942857e-10	7.76784218033e-05
4.01800488839e-10	7.84325193308e-05
4.07982034821e-10	5.71370792386e-05
4.14163580803e-10	3.26120452883e-05
4.20345126785e-10	1.40797631047e-05
4.26526672767e-10	3.50153698037e-06
4.32708218749e-10	-8.90063915904e-07
4.38889764731e-10	-1.78033603504e-06
4.45071310714e-10	-1.28791181453e-06
4.51252856696e-10	-5.9417574505e-07
4.57434402678e-10	-1.44428327076e-07
4.6361594866e-10	1.09535261972e-08
4.69797494642e-10	-4.22373362952e-08
4.75979040624e-10	-1.86275080694e-07
4.82160586606e-10	-2.50668566792e-07
4.88342132589e-10	-2.33004639583e-07
4.94523678571e-10	-2.61263201295e-07
5.00705224553e-10	-2.38432132704e-07
5.06886770535e-10	-2.37114399226e-07
5.13068316517e-10	-2.45252316233e-07
5.19249862499e-10	-2.42305906895e-07
5.25431408481e-10	-2.39920607825e-07
5.31612954463e-10	-2.43535843936e-07
5.37794500446e-10	-2.49344264347e-07
5.43976046428e-10	-2.5100014156e-07
5.5015759241e-10	-2.536567969e-07
5.56339138392e-10	-2.59429478788e-07
5.62520684374e-10	-2.64333639421e-07
5.68702230356e-10	-2.66486503975e-07
5.74883776338e-10	-2.66728164888e-07
5.81065322321e-10	-2.6353604099e-07
5.87246868303e-10	-2.51870124757e-07
5.93428414285e-10	-2.42290933983e-07
5.99609960267e-10	-2.40841467658e-07
6.05791506249e-10	-2.41375824217e-07
6.11973052231e-10	-2.43945635248e-07
6.18154598213e-10	-2.50285866699e-07
6.24336144196e-10	-2.60158882881e-07
6.30517690178e-10	-2.67211493821e-07
6.3669923616e-10	-2.70582260598e-07
6.42880782142e-10	-2.68196826525e-07
6.49062328124e-10	-2.62269276519e-07
6.55243874106e-10	-2.54318692328e-07
6.61425420088e-10	-2.4597791537e-07
6.6760696607e-10	-2.44202770006e-07
6.73788512053e-10	-2.47342100579e-07
6.79970058035e-10	-2.51259194783e-07
6.86151604017e-10	-2.59156090365e-07
6.92333149999e-10	-2.68375487167e-07
6.98514695981e-10	-2.72205005203e-07
7.04696241963e-10	-2.67360400485e-07
7.10877787945e-10	-2.61257392609e-07
7.17059333928e-10	-2.56890526629e-07
7.2324087991e-10	-2.51408936336e-07
7.29422425892e-10	-2.41963272529e-07
7.35603971874e-10	-2.29535929819e-07
7.41785517856e-10	-2.27083617688e-07
7.47967063838e-10	-2.3099570079e-07
7.5414860982e-10	-2.47286996213e-07
7.60330155802e-10	-2.61102595545e-07
7.66511701785e-10	-2.73768977266e-07
7.72693247767e-10	-2.77099420742e-07
7.78874793749e-10	-2.74178026061e-07
7.85056339731e-10	-2.68762807565e-07
7.91237885713e-10	-2.61380169064e-07
7.97419431695e-10	-2.61184844419e-07
8.03600977677e-10	-2.63272561085e-07
8.0978252366e-10	-2.64054317967e-07
8.15964069642e-10	-2.60697190058e-07
8.22145615624e-10	-2.51079573133e-07
8.28327161606e-10	-2.3880050648e-07
8.34508707588e-10	-2.30242124033e-07
8.4069025357e-10	-2.30809146018e-07
8.46871799552e-10	-2.44118528059e-07
8.53053345534e-10	-2.55178717268e-07
8.59234891517e-10	-2.65273737199e-07
8.65416437499e-10	-2.68198375508e-07
8.71597983481e-10	-2.66079046796e-07
8.77779529463e-10	-2.60058953927e-07
8.83961075445e-10	-2.53446197362e-07
8.90142621427e-10	-2.49234167526e-07
8.96324167409e-10	-2.45674685928e-07
9.02505713392e-10	-2.4142230437e-07
9.08687259374e-10	-2.42568907183e-07
9.14868805356e-10	-2.50059521534e-07
9.21050351338e-10	-2.60154735088e-07
9.2723189732e-10	-2.71489806636e-07
9.33413443302e-10	-2.74584257554e-07
9.39594989284e-10	-2.70718514273e-07
9.45776535266e-10	-2.59512297873e-07
