% time-domain voltage integration by openEMS v0.0.36 @Sat Dec  9 18:36:24 2023
% start-coordinates: (-0.01165,0,-0) m -> [29,49,9]
% stop-coordinates: (-0.01165,0,-0.00033626) m -> [29,49,0]
% t/s	voltage
0	0
6.18154598213e-12	0
1.23630919643e-11	0
1.85446379464e-11	0
2.47261839285e-11	0
3.09077299107e-11	0
3.70892758928e-11	0
4.32708218749e-11	0
4.94523678571e-11	0
5.56339138392e-11	0
6.18154598213e-11	0
6.79970058035e-11	0
7.41785517856e-11	-8.59480536257e-30
8.03600977677e-11	-1.55125558229e-22
8.65416437499e-11	-5.68715057901e-17
9.2723189732e-11	-4.32160785361e-13
9.89047357141e-11	-4.4967177551e-11
1.05086281696e-10	5.8590883447e-11
1.11267827678e-10	1.7735468801e-11
1.17449373661e-10	-2.47808249615e-10
1.23630919643e-10	2.48675721942e-12
1.29812465625e-10	4.15333684112e-10
1.35994011607e-10	6.09030728627e-10
1.42175557589e-10	1.36405028939e-09
1.48357103571e-10	2.55077434175e-09
1.54538649553e-10	1.67201696932e-09
1.60720195535e-10	-7.33121613417e-09
1.66901741518e-10	-3.71141539723e-08
1.730832875e-10	-1.02207995845e-07
1.79264833482e-10	-1.47499795489e-07
1.85446379464e-10	1.94588961833e-07
1.91627925446e-10	1.6179717619e-06
1.97809471428e-10	4.62539253476e-06
2.0399101741e-10	1.05092215108e-05
2.10172563393e-10	1.97004112579e-05
2.16354109375e-10	3.14884553063e-05
2.22535655357e-10	4.16825987486e-05
2.28717201339e-10	4.12862605117e-05
2.34898747321e-10	1.6013748791e-05
2.41080293303e-10	-5.13157274327e-05
2.47261839285e-10	-0.000174143242475
2.53443385267e-10	-0.000351838483766
2.5962493125e-10	-0.000558934400033
2.65806477232e-10	-0.000739906077797
2.71988023214e-10	-0.000816049388959
2.78169569196e-10	-0.000707473358489
2.84351115178e-10	-0.000366202508303
2.9053266116e-10	0.000192111847355
2.96714207142e-10	0.00087404732767
3.02895753125e-10	0.0015241518704
3.09077299107e-10	0.00197032696451
3.15258845089e-10	0.00208347702574
3.21440391071e-10	0.00182644317101
3.27621937053e-10	0.00126971835562
3.33803483035e-10	0.000566050941416
3.39985029017e-10	-0.000104978500531
3.46166574999e-10	-0.000597692349402
3.52348120982e-10	-0.000841296496219
3.58529666964e-10	-0.000847508752486
3.64711212946e-10	-0.000687817890139
3.70892758928e-10	-0.000455699337181
3.7707430491e-10	-0.000231903417443
3.83255850892e-10	-6.48164377708e-05
3.89437396874e-10	3.16794435093e-05
3.95618942857e-10	6.82866771058e-05
4.01800488839e-10	6.65164347993e-05
4.07982034821e-10	4.74613243568e-05
4.14163580803e-10	2.59206378814e-05
4.20345126785e-10	9.3605526672e-06
4.26526672767e-10	-3.1862258254e-07
4.32708218749e-10	-4.26837053169e-06
4.38889764731e-10	-4.62351914621e-06
4.45071310714e-10	-3.33229809257e-06
4.51252856696e-10	-1.69585455012e-06
4.57434402678e-10	-3.79439125453e-07
4.6361594866e-10	4.05931469771e-07
4.69797494642e-10	7.09216841699e-07
4.75979040624e-10	7.38218449925e-07
4.82160586606e-10	7.01677986825e-07
4.88342132589e-10	5.84958566918e-07
4.94523678571e-10	4.88164701551e-07
5.00705224553e-10	3.95517510299e-07
5.06886770535e-10	3.33730582724e-07
5.13068316517e-10	2.88967810569e-07
5.19249862499e-10	2.5120919922e-07
5.25431408481e-10	2.18939618879e-07
5.31612954463e-10	1.90942240685e-07
5.37794500446e-10	1.65150515707e-07
5.43976046428e-10	1.41266350062e-07
5.5015759241e-10	1.19125465159e-07
5.56339138392e-10	9.80863545941e-08
5.62520684374e-10	7.76941568859e-08
5.68702230356e-10	5.81679078238e-08
5.74883776338e-10	3.97927326645e-08
5.81065322321e-10	2.35367298984e-08
5.87246868303e-10	9.08509001363e-09
5.93428414285e-10	-3.82605680471e-09
5.99609960267e-10	-1.48950798362e-08
6.05791506249e-10	-2.5635813472e-08
6.11973052231e-10	-3.65878456421e-08
6.18154598213e-10	-4.88194276116e-08
6.24336144196e-10	-6.29498049243e-08
6.30517690178e-10	-7.82151179379e-08
6.3669923616e-10	-9.2865975132e-08
6.42880782142e-10	-1.04682940483e-07
6.49062328124e-10	-1.11822721041e-07
6.55243874106e-10	-1.14001381279e-07
6.61425420088e-10	-1.13767605333e-07
6.6760696607e-10	-1.15999659489e-07
6.73788512053e-10	-1.2590555154e-07
6.79970058035e-10	-1.45785658212e-07
6.86151604017e-10	-1.73709798101e-07
6.92333149999e-10	-2.04274330784e-07
6.98514695981e-10	-2.26029217565e-07
7.04696241963e-10	-2.30573032667e-07
7.10877787945e-10	-2.12483911355e-07
7.17059333928e-10	-1.7200894753e-07
7.2324087991e-10	-1.17875373462e-07
7.29422425892e-10	-6.33285774931e-08
7.35603971874e-10	-2.26311689389e-08
7.41785517856e-10	-5.09712450025e-09
7.47967063838e-10	-1.44662157808e-08
7.5414860982e-10	-4.68896113048e-08
7.60330155802e-10	-9.29504568592e-08
7.66511701785e-10	-1.41713732749e-07
7.72693247767e-10	-1.8379143274e-07
7.78874793749e-10	-2.13220122447e-07
7.85056339731e-10	-2.28772663036e-07
7.91237885713e-10	-2.32412986634e-07
7.97419431695e-10	-2.28320937268e-07
8.03600977677e-10	-2.20895152836e-07
8.0978252366e-10	-2.13156416073e-07
8.15964069642e-10	-2.07280535847e-07
8.22145615624e-10	-2.0382332e-07
8.28327161606e-10	-2.02490064716e-07
