% time-domain current integration by openEMS v0.0.36 @Sat Dec  9 19:00:07 2023
% start-coordinates: (-0.01185,-0.000351667,-6.813e-05) m -> [27,42,7]
% stop-coordinates: (-0.01185,0.000311667,3.74715e-05) m -> [27,55,10]
% t/s	current
4.35320139587e-14	0
6.22507799609e-12	0
1.24066239782e-11	0
1.85881699604e-11	0
2.47697159425e-11	0
3.09512619246e-11	0
3.71328079068e-11	0
4.33143538889e-11	0
4.9495899871e-11	0
5.56774458532e-11	0
6.18589918353e-11	0
6.80405378174e-11	0
7.42220837996e-11	1.30955448239e-28
8.04036297817e-11	7.49815799266e-22
8.65851757638e-11	8.79671575167e-17
9.2766721746e-11	1.9536211841e-13
9.89482677281e-11	4.46153617523e-12
1.0512981371e-10	-1.12923830443e-12
1.11311359692e-10	-2.37972814197e-12
1.17492905674e-10	-2.10098919599e-13
1.23674451657e-10	-2.71167376747e-11
1.29855997639e-10	-5.40654465642e-11
1.36037543621e-10	-9.15520784184e-11
1.42219089603e-10	-1.66406582958e-10
1.48400635585e-10	-2.0899149078e-10
1.54582181567e-10	-1.67934971484e-10
1.60763727549e-10	3.25860206873e-11
1.66945273532e-10	6.5970695573e-10
1.73126819514e-10	2.04940842075e-09
1.79308365496e-10	3.72961306283e-09
1.85489911478e-10	1.03917030536e-09
1.9167145746e-10	-1.98220675429e-08
1.97853003442e-10	-7.27524138711e-08
2.04034549424e-10	-1.73685236859e-07
2.10216095407e-10	-3.48138883055e-07
2.16397641389e-10	-5.84930774039e-07
2.22579187371e-10	-8.24543576528e-07
2.28760733353e-10	-9.12545999654e-07
2.34942279335e-10	-5.76787442697e-07
2.41123825317e-10	5.41784743291e-07
2.47305371299e-10	2.77772710433e-06
2.53486917281e-10	6.24003860139e-06
2.59668463264e-10	1.05699555206e-05
2.65850009246e-10	1.4771275346e-05
2.72031555228e-10	1.72607178683e-05
2.7821310121e-10	1.62422093126e-05
2.84394647192e-10	1.03754691736e-05
2.90576193174e-10	-4.79004540921e-07
2.96757739156e-10	-1.47857008415e-05
3.02939285139e-10	-2.94580622722e-05
3.09120831121e-10	-4.06813560403e-05
3.15302377103e-10	-4.51963132946e-05
3.21483923085e-10	-4.15280082962e-05
3.27665469067e-10	-3.06005131279e-05
3.33847015049e-10	-1.54310655489e-05
3.40028561031e-10	-2.63634039044e-08
3.46210107013e-10	1.20252725537e-05
3.52391652996e-10	1.86588913493e-05
3.58573198978e-10	1.97222489078e-05
3.6475474496e-10	1.66084810189e-05
3.70936290942e-10	1.14276062959e-05
3.77117836924e-10	6.14776354269e-06
3.83299382906e-10	2.0427344225e-06
3.89480928888e-10	-4.3960440621e-07
3.95662474871e-10	-1.48211620399e-06
4.01844020853e-10	-1.5705389842e-06
4.08025566835e-10	-1.20675463222e-06
4.14207112817e-10	-7.49555681523e-07
4.20388658799e-10	-3.81197764909e-07
4.26570204781e-10	-1.49781087089e-07
4.32751750763e-10	-3.28480993517e-08
4.38933296745e-10	1.22946719472e-08
4.45114842728e-10	2.191788262e-08
4.5129638871e-10	1.8405161839e-08
4.57477934692e-10	1.25068435608e-08
4.63659480674e-10	8.21745604895e-09
4.69841026656e-10	6.49056319801e-09
4.76022572638e-10	6.47932862918e-09
4.8220411862e-10	5.74438452361e-09
4.88385664603e-10	4.69004257653e-09
4.94567210585e-10	4.9474762065e-09
5.00748756567e-10	4.71174343986e-09
5.06930302549e-10	4.838031753e-09
5.13111848531e-10	4.9898472021e-09
5.19293394513e-10	4.97406205113e-09
5.25474940495e-10	4.91197704733e-09
5.31656486477e-10	4.90445151158e-09
5.3783803246e-10	4.94638641158e-09
5.44019578442e-10	5.01416597132e-09
5.50201124424e-10	5.11429609773e-09
5.56382670406e-10	5.13750908482e-09
5.62564216388e-10	5.09492092959e-09
5.6874576237e-10	4.99358243644e-09
5.74927308352e-10	4.91818630266e-09
5.81108854335e-10	4.90622964477e-09
5.87290400317e-10	4.96411933781e-09
5.93471946299e-10	5.08493247509e-09
5.99653492281e-10	5.18706189112e-09
6.05835038263e-10	5.18714049491e-09
6.12016584245e-10	5.1303774562e-09
6.18198130227e-10	5.02198371777e-09
6.24379676209e-10	4.92519314221e-09
6.30561222192e-10	4.94255170125e-09
6.36742768174e-10	5.08886266459e-09
6.42924314156e-10	5.2449622423e-09
6.49105860138e-10	5.38141842199e-09
6.5528740612e-10	5.41163380774e-09
6.61468952102e-10	5.29044097419e-09
6.67650498084e-10	5.11287190363e-09
6.73832044067e-10	4.97713115166e-09
6.80013590049e-10	4.93296159476e-09
6.86195136031e-10	5.00674834925e-09
6.92376682013e-10	5.18353315826e-09
6.98558227995e-10	5.34658806117e-09
7.04739773977e-10	5.38022737473e-09
7.10921319959e-10	5.27263255279e-09
7.17102865941e-10	5.1015756064e-09
7.23284411924e-10	4.94873342305e-09
7.29465957906e-10	4.8624086979e-09
7.35647503888e-10	4.87265339189e-09
7.4182904987e-10	4.93177632066e-09
7.48010595852e-10	5.04005503998e-09
7.54192141834e-10	5.15039388915e-09
7.60373687816e-10	5.2172883791e-09
7.66555233799e-10	5.22925480695e-09
7.72736779781e-10	5.17726661542e-09
7.78918325763e-10	5.09498265799e-09
7.85099871745e-10	5.01640684547e-09
7.91281417727e-10	4.98931651549e-09
7.97462963709e-10	5.05210362434e-09
8.03644509691e-10	5.18827114604e-09
8.09826055673e-10	5.34723421097e-09
8.16007601656e-10	5.46281286873e-09
8.22189147638e-10	5.44788392176e-09
8.2837069362e-10	5.30499555396e-09
8.34552239602e-10	5.12754727566e-09
8.40733785584e-10	4.9482293818e-09
8.46915331566e-10	4.861956171e-09
8.53096877548e-10	4.90387330743e-09
8.59278423531e-10	5.01909092065e-09
8.65459969513e-10	5.14141884622e-09
8.71641515495e-10	5.22563547989e-09
8.77823061477e-10	5.26658672229e-09
8.84004607459e-10	5.2549347096e-09
8.90186153441e-10	5.22932008806e-09
8.96367699423e-10	5.18785503445e-09
9.02549245405e-10	5.09073183608e-09
9.08730791388e-10	4.96142771311e-09
9.1491233737e-10	4.8364472427e-09
9.21093883352e-10	4.74809347395e-09
9.27275429334e-10	4.77499417784e-09
9.33456975316e-10	4.92537566288e-09
9.39638521298e-10	5.17536946631e-09
9.4582006728e-10	5.40552269612e-09
