% time-domain voltage integration by openEMS v0.0.36 @Sat Dec  9 18:36:24 2023
% start-coordinates: (-0.01175,0,-0) m -> [28,49,9]
% stop-coordinates: (-0.01175,0,-0.00033626) m -> [28,49,0]
% t/s	voltage
0	0
6.18154598213e-12	0
1.23630919643e-11	0
1.85446379464e-11	0
2.47261839285e-11	0
3.09077299107e-11	0
3.70892758928e-11	0
4.32708218749e-11	0
4.94523678571e-11	0
5.56339138392e-11	0
6.18154598213e-11	0
6.79970058035e-11	0
7.41785517856e-11	-3.1743470688e-30
8.03600977677e-11	-6.98692113853e-23
8.65416437499e-11	-3.12363370542e-17
9.2723189732e-11	-2.93173280181e-13
9.89047357141e-11	-3.97083243023e-11
1.05086281696e-10	6.07738455914e-11
1.11267827678e-10	-3.54353412932e-11
1.17449373661e-10	-2.72526940251e-10
1.23630919643e-10	1.1173469051e-11
1.29812465625e-10	3.38936215899e-10
1.35994011607e-10	5.28296302538e-10
1.42175557589e-10	1.40366128443e-09
1.48357103571e-10	2.69327984914e-09
1.54538649553e-10	2.09557571296e-09
1.60720195535e-10	-5.80970471731e-09
1.66901741518e-10	-3.26408111651e-08
1.730832875e-10	-9.37975546123e-08
1.79264833482e-10	-1.48891219354e-07
1.85446379464e-10	1.25163830411e-07
1.91627925446e-10	1.41753812954e-06
1.97809471428e-10	4.23005860739e-06
2.0399101741e-10	9.77509887434e-06
2.10172563393e-10	1.86333602414e-05
2.16354109375e-10	3.02843229747e-05
2.22535655357e-10	4.09185827266e-05
2.28717201339e-10	4.20954120273e-05
2.34898747321e-10	2.00243418931e-05
2.41080293303e-10	-4.24021850449e-05
2.47261839285e-10	-0.000159399880431
2.53443385267e-10	-0.000332238352712
2.5962493125e-10	-0.000538295364095
2.65806477232e-10	-0.000724981946405
2.71988023214e-10	-0.000815194362076
2.78169569196e-10	-0.00072783408541
2.84351115178e-10	-0.000410232969443
2.9053266116e-10	0.000129299898617
2.96714207142e-10	0.000804912786407
3.02895753125e-10	0.0014657403517
3.09077299107e-10	0.00193879158178
3.15258845089e-10	0.00208819084219
3.21440391071e-10	0.00186634671991
3.27621937053e-10	0.00133359122265
3.33803483035e-10	0.000636673888948
3.39985029017e-10	-4.46517451564e-05
3.46166574999e-10	-0.000559084728593
3.52348120982e-10	-0.000827586954983
3.58529666964e-10	-0.000854422869452
3.64711212946e-10	-0.000706869170244
3.70892758928e-10	-0.000478027403005
3.7707430491e-10	-0.000251073126492
3.83255850892e-10	-7.786781498e-05
3.89437396874e-10	2.4753658181e-05
3.95618942857e-10	6.58510184621e-05
4.01800488839e-10	6.65660745653e-05
4.07982034821e-10	4.8431948926e-05
4.14163580803e-10	2.69348674919e-05
4.20345126785e-10	1.01069989569e-05
4.26526672767e-10	1.55770054633e-07
4.32708218749e-10	-3.96268629288e-06
4.38889764731e-10	-4.40674779156e-06
4.45071310714e-10	-3.16231702868e-06
4.51252856696e-10	-1.56412677654e-06
4.57434402678e-10	-2.85397259936e-07
4.6361594866e-10	4.66888071315e-07
4.69797494642e-10	7.44983427836e-07
4.75979040624e-10	7.48076129042e-07
4.82160586606e-10	6.97648413706e-07
4.88342132589e-10	5.83554193412e-07
4.94523678571e-10	4.83430596887e-07
5.00705224553e-10	3.93119396591e-07
5.06886770535e-10	3.34767408461e-07
5.13068316517e-10	2.90132266656e-07
5.19249862499e-10	2.52488593588e-07
5.25431408481e-10	2.20012320362e-07
5.31612954463e-10	1.91203771926e-07
5.37794500446e-10	1.65938721541e-07
5.43976046428e-10	1.42284905386e-07
5.5015759241e-10	1.20111501412e-07
5.56339138392e-10	1.00213284782e-07
5.62520684374e-10	7.96549808335e-08
5.68702230356e-10	6.05774062024e-08
5.74883776338e-10	4.17166727829e-08
5.81065322321e-10	2.47932003816e-08
5.87246868303e-10	9.37001765067e-09
5.93428414285e-10	-3.79673625872e-09
5.99609960267e-10	-1.55262869228e-08
6.05791506249e-10	-2.62346357971e-08
6.11973052231e-10	-3.63440886275e-08
6.18154598213e-10	-4.8111633788e-08
6.24336144196e-10	-6.14907227359e-08
6.30517690178e-10	-7.64863488101e-08
6.3669923616e-10	-9.14524114215e-08
6.42880782142e-10	-1.03560701015e-07
6.49062328124e-10	-1.11483042867e-07
6.55243874106e-10	-1.14225085595e-07
6.61425420088e-10	-1.14096316804e-07
6.6760696607e-10	-1.1594668417e-07
6.73788512053e-10	-1.25008849494e-07
6.79970058035e-10	-1.43636923688e-07
6.86151604017e-10	-1.70756162543e-07
6.92333149999e-10	-2.01686989776e-07
6.98514695981e-10	-2.24471327748e-07
7.04696241963e-10	-2.31256985117e-07
7.10877787945e-10	-2.15337511378e-07
7.17059333928e-10	-1.76823061082e-07
7.2324087991e-10	-1.23420776266e-07
7.29422425892e-10	-6.85116663401e-08
7.35603971874e-10	-2.58579881951e-08
7.41785517856e-10	-6.04500627333e-09
7.47967063838e-10	-1.28589956461e-08
7.5414860982e-10	-4.31757878339e-08
7.60330155802e-10	-8.83249293149e-08
7.66511701785e-10	-1.37188048477e-07
7.72693247767e-10	-1.80229419833e-07
7.78874793749e-10	-2.11108410753e-07
7.85056339731e-10	-2.27968602218e-07
7.91237885713e-10	-2.32648279308e-07
7.97419431695e-10	-2.29206440494e-07
8.03600977677e-10	-2.21842439529e-07
8.0978252366e-10	-2.13777985536e-07
8.15964069642e-10	-2.07508022321e-07
8.22145615624e-10	-2.03702448687e-07
8.28327161606e-10	-2.02241068337e-07
