% time-domain voltage integration by openEMS v0.0.36 @Sat Dec  9 18:36:24 2023
% start-coordinates: (0.01175,0,-0) m -> [186,49,9]
% stop-coordinates: (0.01175,0,-0.00033626) m -> [186,49,0]
% t/s	voltage
0	0
6.18154598213e-12	4.85204996895e-25
1.23630919643e-11	-4.10341138713e-14
1.85446379464e-11	-9.84612405497e-10
2.47261839285e-11	-4.09238243293e-08
3.09077299107e-11	-3.80123729826e-07
3.70892758928e-11	-5.21025864231e-07
4.32708218749e-11	-4.11515415522e-07
4.94523678571e-11	7.58225951358e-07
5.56339138392e-11	4.04422243605e-06
6.18154598213e-11	1.09691848138e-05
6.79970058035e-11	2.27832567816e-05
7.41785517856e-11	3.89203910345e-05
8.03600977677e-11	5.4688237924e-05
8.65416437499e-11	5.89269075135e-05
9.2723189732e-11	3.33811917699e-05
9.89047357141e-11	-4.38972215306e-05
1.05086281696e-10	-0.00018965840718
1.11267827678e-10	-0.000401959754527
1.17449373661e-10	-0.000646914602839
1.23630919643e-10	-0.000853840050695
1.29812465625e-10	-0.000926678731048
1.35994011607e-10	-0.000774056752562
1.42175557589e-10	-0.000350360311131
1.48357103571e-10	0.000309157876472
1.54538649553e-10	0.00107899452269
1.60720195535e-10	0.00177130958764
1.66901741518e-10	0.00219563231803
1.730832875e-10	0.00222771495464
1.79264833482e-10	0.00185718196735
1.85446379464e-10	0.00119191149133
1.91627925446e-10	0.00041676661931
1.97809471428e-10	-0.000273987549008
2.0399101741e-10	-0.000740561976272
2.10172563393e-10	-0.000932429931709
2.16354109375e-10	-0.000884906476131
2.22535655357e-10	-0.000686577026499
2.28717201339e-10	-0.000437013066403
2.34898747321e-10	-0.00021339210798
2.41080293303e-10	-5.56788354515e-05
2.47261839285e-10	3.04874661197e-05
2.53443385267e-10	6.08268715041e-05
2.5962493125e-10	5.80654677833e-05
2.65806477232e-10	4.18725981035e-05
2.71988023214e-10	2.46619158588e-05
2.78169569196e-10	1.18724705089e-05
2.84351115178e-10	4.33591043247e-06
2.9053266116e-10	7.89439663862e-07
2.96714207142e-10	-4.29411691094e-07
3.02895753125e-10	-5.87035104971e-07
3.09077299107e-10	-4.11570365344e-07
3.15258845089e-10	-2.37057734775e-07
3.21440391071e-10	-2.39227321952e-07
3.27621937053e-10	-2.52448150273e-07
3.33803483035e-10	-2.68438359541e-07
3.39985029017e-10	-2.76632587504e-07
3.46166574999e-10	-2.8132490959e-07
3.52348120982e-10	-2.82677749208e-07
3.58529666964e-10	-2.80025864718e-07
3.64711212946e-10	-2.63873255246e-07
3.70892758928e-10	-2.31262462735e-07
3.7707430491e-10	-1.86839519634e-07
3.83255850892e-10	-1.25163149622e-07
3.89437396874e-10	-6.51255671613e-08
3.95618942857e-10	-2.93739059742e-08
4.01800488839e-10	-4.08142240005e-08
4.07982034821e-10	-1.30922274799e-07
4.14163580803e-10	-3.06874289535e-07
4.20345126785e-10	-5.2990381505e-07
4.26526672767e-10	-7.21404724402e-07
4.32708218749e-10	-7.84304532431e-07
4.38889764731e-10	-6.68051921338e-07
4.45071310714e-10	-4.24969506696e-07
4.51252856696e-10	-2.57829332995e-07
4.57434402678e-10	-4.68693777123e-07
4.6361594866e-10	-1.34122834083e-06
4.69797494642e-10	-2.94468804896e-06
4.75979040624e-10	-4.99310232271e-06
4.82160586606e-10	-6.82260576923e-06
4.88342132589e-10	-7.5490315794e-06
4.94523678571e-10	-6.38070355308e-06
5.00705224553e-10	-2.97824263384e-06
5.06886770535e-10	2.31727617006e-06
5.13068316517e-10	8.48279421461e-06
5.19249862499e-10	1.40844263115e-05
5.25431408481e-10	1.77250030902e-05
5.31612954463e-10	1.85015194347e-05
5.37794500446e-10	1.62958275496e-05
5.43976046428e-10	1.1786343407e-05
5.5015759241e-10	6.18705001898e-06
5.56339138392e-10	8.32456436228e-07
5.62520684374e-10	-3.22822197063e-06
5.68702230356e-10	-5.48261130007e-06
5.74883776338e-10	-5.98353886971e-06
5.81065322321e-10	-5.19536303045e-06
5.87246868303e-10	-3.74921395974e-06
5.93428414285e-10	-2.21499881548e-06
5.99609960267e-10	-9.66232519772e-07
6.05791506249e-10	-1.51494307765e-07
6.11973052231e-10	2.54496121954e-07
6.18154598213e-10	3.67825524705e-07
6.24336144196e-10	3.20467366421e-07
6.30517690178e-10	2.1603949385e-07
6.3669923616e-10	1.15849840387e-07
6.42880782142e-10	4.38422266269e-08
6.49062328124e-10	8.07792055468e-10
6.55243874106e-10	-2.11017820995e-08
6.61425420088e-10	-3.12372443467e-08
6.6760696607e-10	-3.77626960812e-08
6.73788512053e-10	-4.35640437058e-08
6.79970058035e-10	-5.06326447436e-08
6.86151604017e-10	-5.95305865714e-08
6.92333149999e-10	-6.85892465047e-08
6.98514695981e-10	-7.76842352945e-08
7.04696241963e-10	-8.68363478901e-08
7.10877787945e-10	-9.5746576001e-08
7.17059333928e-10	-1.04613469887e-07
7.2324087991e-10	-1.12606367786e-07
7.29422425892e-10	-1.20554115579e-07
7.35603971874e-10	-1.27621764712e-07
7.41785517856e-10	-1.34373521643e-07
7.47967063838e-10	-1.40155596462e-07
7.5414860982e-10	-1.45610323798e-07
7.60330155802e-10	-1.50789858822e-07
7.66511701785e-10	-1.56073007851e-07
7.72693247767e-10	-1.60879132238e-07
7.78874793749e-10	-1.65792711115e-07
7.85056339731e-10	-1.70735942717e-07
7.91237885713e-10	-1.75216836595e-07
7.97419431695e-10	-1.78886119251e-07
8.03600977677e-10	-1.82472629895e-07
8.0978252366e-10	-1.85624427829e-07
8.15964069642e-10	-1.88513054056e-07
8.22145615624e-10	-1.91543393591e-07
8.28327161606e-10	-1.94147629529e-07
