% time-domain voltage integration by openEMS v0.0.36 @Sat Dec  9 19:00:07 2023
% start-coordinates: (0.01185,0,-0) m -> [187,49,9]
% stop-coordinates: (0.01185,0,-0.00033626) m -> [187,49,0]
% t/s	voltage
0	0
6.18154598213e-12	2.3507931925e-24
1.23630919643e-11	-8.55708970208e-14
1.85446379464e-11	-1.29492476464e-09
2.47261839285e-11	-4.74812877904e-08
3.09077299107e-11	-4.13007427369e-07
3.70892758928e-11	-5.20415763816e-07
4.32708218749e-11	-3.9422386422e-07
4.94523678571e-11	8.77213267358e-07
5.56339138392e-11	4.37261817865e-06
6.18154598213e-11	1.16342853289e-05
6.79970058035e-11	2.38677637299e-05
7.41785517856e-11	4.03216508857e-05
8.03600977677e-11	5.59109389542e-05
8.65416437499e-11	5.89178334849e-05
9.2723189732e-11	3.05176911297e-05
9.89047357141e-11	-5.14660350746e-05
1.05086281696e-10	-0.000203164076083
1.11267827678e-10	-0.000420855383709
1.17449373661e-10	-0.000667836466164
1.23630919643e-10	-0.000870355841471
1.29812465625e-10	-0.000930453141336
1.35994011607e-10	-0.000757546615205
1.42175557589e-10	-0.000310308492772
1.48357103571e-10	0.000368928143871
1.54538649553e-10	0.00114706308523
1.60720195535e-10	0.00183125709009
1.66901741518e-10	0.00223118315625
1.730832875e-10	0.0022284687293
1.79264833482e-10	0.00182251103979
1.85446379464e-10	0.00113114617125
1.91627925446e-10	0.000345776479662
1.97809471428e-10	-0.000338399378961
2.0399101741e-10	-0.000785968215496
2.10172563393e-10	-0.000953771879722
2.16354109375e-10	-0.000884394692548
2.22535655357e-10	-0.000671230656735
2.28717201339e-10	-0.000415247479395
2.34898747321e-10	-0.000192188512301
2.41080293303e-10	-3.91706444134e-05
2.47261839285e-10	4.10523889514e-05
2.53443385267e-10	6.6204702307e-05
2.5962493125e-10	5.98951237407e-05
2.65806477232e-10	4.18042595811e-05
2.71988023214e-10	2.38985776377e-05
2.78169569196e-10	1.10883519255e-05
2.84351115178e-10	3.8004253895e-06
2.9053266116e-10	5.26960612035e-07
2.96714207142e-10	-4.89364449408e-07
3.02895753125e-10	-5.28122782839e-07
3.09077299107e-10	-2.87184317216e-07
3.15258845089e-10	-8.96620839796e-08
3.21440391071e-10	-9.0840300615e-08
3.27621937053e-10	-9.54774552753e-08
3.33803483035e-10	-1.15034304748e-07
3.39985029017e-10	-1.24437461224e-07
3.46166574999e-10	-1.26052815297e-07
3.52348120982e-10	-1.34408917773e-07
3.58529666964e-10	-1.39544622968e-07
3.64711212946e-10	-1.35459194972e-07
3.70892758928e-10	-1.11197171471e-07
3.7707430491e-10	-7.43630312883e-08
3.83255850892e-10	-2.69391595697e-08
3.89437396874e-10	4.55626505413e-08
3.95618942857e-10	1.02652496281e-07
4.01800488839e-10	1.07384182435e-07
4.07982034821e-10	4.5496197032e-08
4.14163580803e-10	-1.42459043673e-07
4.20345126785e-10	-4.46766954099e-07
4.26526672767e-10	-7.8142955573e-07
4.32708218749e-10	-1.01691991716e-06
4.38889764731e-10	-1.01448575407e-06
4.45071310714e-10	-7.11767889072e-07
4.51252856696e-10	-1.62377000734e-07
4.57434402678e-10	4.12803746741e-07
4.6361594866e-10	7.28456356569e-07
4.69797494642e-10	5.49124600013e-07
4.75979040624e-10	-1.28111324216e-07
4.82160586606e-10	-1.01693849075e-06
4.88342132589e-10	-1.65204760094e-06
4.94523678571e-10	-1.56966950726e-06
5.00705224553e-10	-5.65503853522e-07
5.06886770535e-10	1.14447703936e-06
5.13068316517e-10	2.99180496199e-06
5.19249862499e-10	4.29816154224e-06
5.25431408481e-10	4.56052543996e-06
5.31612954463e-10	3.6541148063e-06
5.37794500446e-10	1.88197738282e-06
5.43976046428e-10	-1.83124456044e-07
5.5015759241e-10	-1.92657236653e-06
5.56339138392e-10	-2.94643825782e-06
5.62520684374e-10	-3.13938818408e-06
5.68702230356e-10	-2.68589371899e-06
5.74883776338e-10	-1.90351390472e-06
5.81065322321e-10	-1.10279965071e-06
5.87246868303e-10	-4.91993436214e-07
5.93428414285e-10	-1.389001687e-07
5.99609960267e-10	-1.48719563053e-09
6.05791506249e-10	-4.69521699298e-09
6.11973052231e-10	-6.74593585437e-08
6.18154598213e-10	-1.3789676867e-07
6.24336144196e-10	-1.97373340782e-07
6.30517690178e-10	-2.46464948006e-07
6.3669923616e-10	-2.79952914184e-07
6.42880782142e-10	-2.95570703912e-07
6.49062328124e-10	-2.98489670314e-07
6.55243874106e-10	-2.91523381435e-07
6.61425420088e-10	-2.7409397596e-07
6.6760696607e-10	-2.58307105483e-07
6.73788512053e-10	-2.51400008366e-07
6.79970058035e-10	-2.48557633142e-07
6.86151604017e-10	-2.53632590486e-07
6.92333149999e-10	-2.63975536541e-07
6.98514695981e-10	-2.71554787545e-07
7.04696241963e-10	-2.76350544226e-07
7.10877787945e-10	-2.7827146809e-07
7.17059333928e-10	-2.78054848479e-07
7.2324087991e-10	-2.74305534731e-07
7.29422425892e-10	-2.69403678033e-07
7.35603971874e-10	-2.63381929599e-07
7.41785517856e-10	-2.5905399248e-07
7.47967063838e-10	-2.60769379423e-07
7.5414860982e-10	-2.59013763326e-07
7.60330155802e-10	-2.56234292451e-07
7.66511701785e-10	-2.51618599734e-07
7.72693247767e-10	-2.5010657545e-07
7.78874793749e-10	-2.51557544573e-07
7.85056339731e-10	-2.55960195261e-07
7.91237885713e-10	-2.64458149601e-07
7.97419431695e-10	-2.7322517937e-07
8.03600977677e-10	-2.78613143223e-07
8.0978252366e-10	-2.81632825505e-07
8.15964069642e-10	-2.76708368219e-07
8.22145615624e-10	-2.67392865183e-07
8.28327161606e-10	-2.59301033978e-07
8.34508707588e-10	-2.55228894019e-07
8.4069025357e-10	-2.58026874533e-07
8.46871799552e-10	-2.63967349312e-07
8.53053345534e-10	-2.66923724013e-07
8.59234891517e-10	-2.67872698245e-07
8.65416437499e-10	-2.6762367078e-07
8.71597983481e-10	-2.65571907576e-07
8.77779529463e-10	-2.59344608011e-07
8.83961075445e-10	-2.54985437209e-07
8.90142621427e-10	-2.55671855243e-07
8.96324167409e-10	-2.57300857953e-07
9.02505713392e-10	-2.61171237526e-07
9.08687259374e-10	-2.63069507511e-07
9.14868805356e-10	-2.6223140992e-07
9.21050351338e-10	-2.62516644867e-07
9.2723189732e-10	-2.63809562639e-07
9.33413443302e-10	-2.64342306266e-07
9.39594989284e-10	-2.67664159281e-07
9.45776535266e-10	-2.69947381781e-07
