% time-domain voltage integration by openEMS v0.0.36 @Sat Dec  9 18:36:24 2023
% start-coordinates: (0.01165,0,-0) m -> [185,49,9]
% stop-coordinates: (0.01165,0,-0.00033626) m -> [185,49,0]
% t/s	voltage
0	0
6.18154598213e-12	8.6924053335e-26
1.23630919643e-11	-1.61779791768e-14
1.85446379464e-11	-6.66076187261e-10
2.47261839285e-11	-3.16850408133e-08
3.09077299107e-11	-3.26737868761e-07
3.70892758928e-11	-5.43897453298e-07
4.32708218749e-11	-4.50777246641e-07
4.94523678571e-11	5.95608682374e-07
5.56339138392e-11	3.59870423949e-06
6.18154598213e-11	1.00813913377e-05
6.79970058035e-11	2.1379374175e-05
7.41785517856e-11	3.71949854525e-05
8.03600977677e-11	5.33559905307e-05
8.65416437499e-11	5.94233952143e-05
9.2723189732e-11	3.77850155928e-05
9.89047357141e-11	-3.343524304e-05
1.05086281696e-10	-0.000172037251104
1.11267827678e-10	-0.000378572043701
1.17449373661e-10	-0.000622749641479
1.23630919643e-10	-0.000837364794279
1.29812465625e-10	-0.000927864719415
1.35994011607e-10	-0.000800703281129
1.42175557589e-10	-0.000403934398491
1.48357103571e-10	0.000236189576754
1.54538649553e-10	0.00100255633879
1.60720195535e-10	0.00171131445677
1.66901741518e-10	0.00216918306251
1.730832875e-10	0.00224269468163
1.79264833482e-10	0.0019091743452
1.85446379464e-10	0.00126590346918
1.91627925446e-10	0.000492835013574
1.97809471428e-10	-0.000213613824599
2.0399101741e-10	-0.00070613376738
2.10172563393e-10	-0.000924885527638
2.16354109375e-10	-0.00089775507513
2.22535655357e-10	-0.000709896179615
2.28717201339e-10	-0.000461510382593
2.34898747321e-10	-0.000232964273891
2.41080293303e-10	-6.80239381836e-05
2.47261839285e-10	2.47512734859e-05
2.53443385267e-10	5.96311047047e-05
2.5962493125e-10	5.91818916291e-05
2.65806477232e-10	4.36510449617e-05
2.71988023214e-10	2.62095331891e-05
2.78169569196e-10	1.28960125494e-05
2.84351115178e-10	4.88322120873e-06
2.9053266116e-10	1.01833848021e-06
2.96714207142e-10	-3.65760801424e-07
3.02895753125e-10	-5.89326523581e-07
3.09077299107e-10	-4.29312327022e-07
3.15258845089e-10	-2.48018895643e-07
3.21440391071e-10	-2.29749956393e-07
3.27621937053e-10	-2.55652716108e-07
3.33803483035e-10	-2.70110498413e-07
3.39985029017e-10	-2.75086746493e-07
3.46166574999e-10	-2.78520281949e-07
3.52348120982e-10	-2.80557849841e-07
3.58529666964e-10	-2.76957166978e-07
3.64711212946e-10	-2.60763352689e-07
3.70892758928e-10	-2.27477706893e-07
3.7707430491e-10	-1.80552311324e-07
3.83255850892e-10	-1.19309840674e-07
3.89437396874e-10	-5.90676272338e-08
3.95618942857e-10	-2.67145825461e-08
4.01800488839e-10	-4.57779574248e-08
4.07982034821e-10	-1.44070762209e-07
4.14163580803e-10	-3.25795316058e-07
4.20345126785e-10	-5.4966394103e-07
4.26526672767e-10	-7.33839911504e-07
4.32708218749e-10	-7.80566196568e-07
4.38889764731e-10	-6.48015312521e-07
4.45071310714e-10	-4.00621837926e-07
4.51252856696e-10	-2.56188188885e-07
4.57434402678e-10	-5.21176229284e-07
4.6361594866e-10	-1.46752479679e-06
4.69797494642e-10	-3.13528505558e-06
4.75979040624e-10	-5.19805030308e-06
4.82160586606e-10	-6.95978951626e-06
4.88342132589e-10	-7.5303611311e-06
4.94523678571e-10	-6.14685103528e-06
5.00705224553e-10	-2.52938750123e-06
5.06886770535e-10	2.90859142638e-06
5.13068316517e-10	9.0878716037e-06
5.19249862499e-10	1.45558235545e-05
5.25431408481e-10	1.7943992134e-05
5.31612954463e-10	1.84184821137e-05
5.37794500446e-10	1.5943582639e-05
5.43976046428e-10	1.12657324962e-05
5.5015759241e-10	5.6304932059e-06
5.56339138392e-10	3.60215091533e-07
5.62520684374e-10	-3.54057792151e-06
5.68702230356e-10	-5.61573580171e-06
5.74883776338e-10	-5.96711055323e-06
5.81065322321e-10	-5.08605927507e-06
5.87246868303e-10	-3.60549560696e-06
5.93428414285e-10	-2.08110603239e-06
5.99609960267e-10	-8.65456449617e-07
6.05791506249e-10	-8.81504989558e-08
6.11973052231e-10	2.87074843897e-07
6.18154598213e-10	3.79794521166e-07
6.24336144196e-10	3.21220575472e-07
6.30517690178e-10	2.11815537554e-07
6.3669923616e-10	1.10006654896e-07
6.42880782142e-10	3.80128968303e-08
6.49062328124e-10	-4.28518820428e-09
6.55243874106e-10	-2.49530347496e-08
6.61425420088e-10	-3.39605135125e-08
6.6760696607e-10	-3.94446728613e-08
6.73788512053e-10	-4.46355779005e-08
6.79970058035e-10	-5.12335762703e-08
6.86151604017e-10	-6.00505013493e-08
6.92333149999e-10	-6.92470496499e-08
6.98514695981e-10	-7.84804425613e-08
7.04696241963e-10	-8.76263075433e-08
7.10877787945e-10	-9.64952298066e-08
7.17059333928e-10	-1.05367292669e-07
7.2324087991e-10	-1.13463967555e-07
7.29422425892e-10	-1.21563208832e-07
7.35603971874e-10	-1.28681775458e-07
7.41785517856e-10	-1.35469001794e-07
7.47967063838e-10	-1.41158580824e-07
7.5414860982e-10	-1.46414812718e-07
7.60330155802e-10	-1.51301658313e-07
7.66511701785e-10	-1.56328743728e-07
7.72693247767e-10	-1.60870628818e-07
7.78874793749e-10	-1.65851669287e-07
7.85056339731e-10	-1.70760097618e-07
7.91237885713e-10	-1.75300492344e-07
7.97419431695e-10	-1.79136906198e-07
8.03600977677e-10	-1.82864381415e-07
8.0978252366e-10	-1.85913958894e-07
8.15964069642e-10	-1.88783293886e-07
8.22145615624e-10	-1.9180787092e-07
8.28327161606e-10	-1.94403143361e-07
