% time-domain current integration by openEMS v0.0.36 @Sat Dec  9 18:36:24 2023
% start-coordinates: (-0.01175,-0.000351667,-6.813e-05) m -> [28,42,7]
% stop-coordinates: (-0.01175,0.000311667,3.74715e-05) m -> [28,55,10]
% t/s	current
4.35320139587e-14	0
6.22507799609e-12	0
1.24066239782e-11	0
1.85881699604e-11	0
2.47697159425e-11	0
3.09512619246e-11	0
3.71328079068e-11	0
4.33143538889e-11	0
4.9495899871e-11	0
5.56774458532e-11	0
6.18589918353e-11	0
6.80405378174e-11	2.17447733555e-37
7.42220837996e-11	3.30840555115e-28
8.04036297817e-11	1.56106500612e-21
8.65851757638e-11	1.50497161239e-16
9.2766721746e-11	2.69491894078e-13
9.89482677281e-11	4.47001637094e-12
1.0512981371e-10	2.17500700068e-13
1.11311359692e-10	-3.63046637024e-12
1.17492905674e-10	-5.26729430472e-13
1.23674451657e-10	-2.55350914025e-11
1.29855997639e-10	-5.95696755812e-11
1.36037543621e-10	-9.74746533489e-11
1.42219089603e-10	-1.67802827189e-10
1.48400635585e-10	-2.1637142078e-10
1.54582181567e-10	-1.5044235302e-10
1.60763727549e-10	1.40607747667e-10
1.66945273532e-10	9.14773923277e-10
1.73126819514e-10	2.43724307403e-09
1.79308365496e-10	3.43614314779e-09
1.85489911478e-10	-3.32510130541e-09
1.9167145746e-10	-3.14650421274e-08
1.97853003442e-10	-9.18788103377e-08
2.04034549424e-10	-2.08106555988e-07
2.10216095407e-10	-3.89602917039e-07
2.16397641389e-10	-6.19993556938e-07
2.22579187371e-10	-8.16829583528e-07
2.28760733353e-10	-8.03141631422e-07
2.34942279335e-10	-2.98508837204e-07
2.41123825317e-10	1.0335937759e-06
2.47305371299e-10	3.45748435393e-06
2.53486917281e-10	6.96409779266e-06
2.59668463264e-10	1.10601140477e-05
2.65850009246e-10	1.46632701217e-05
2.72031555228e-10	1.62310170708e-05
2.7821310121e-10	1.41847594932e-05
2.84394647192e-10	7.55350038162e-06
2.90576193174e-10	-3.40058272741e-06
2.96757739156e-10	-1.6891528503e-05
3.02939285139e-10	-2.98959748761e-05
3.09120831121e-10	-3.90233035432e-05
3.15302377103e-10	-4.16779403167e-05
3.21483923085e-10	-3.7031903048e-05
3.27665469067e-10	-2.63631263806e-05
3.33847015049e-10	-1.25932056108e-05
3.40028561031e-10	7.74273701154e-07
3.46210107013e-10	1.08408385131e-05
3.52391652996e-10	1.61339121405e-05
3.58573198978e-10	1.67843591043e-05
3.6475474496e-10	1.41071777762e-05
3.70936290942e-10	9.87630028249e-06
3.77117836924e-10	5.64773472433e-06
3.83299382906e-10	2.37122708313e-06
3.89480928888e-10	3.42494473671e-07
3.95662474871e-10	-6.08364643995e-07
4.01844020853e-10	-8.52963523812e-07
4.08025566835e-10	-7.53037170398e-07
4.14207112817e-10	-5.55224630716e-07
4.20388658799e-10	-3.79281317464e-07
4.26570204781e-10	-2.56594262282e-07
4.32751750763e-10	-1.77401361157e-07
4.38933296745e-10	-1.23738729485e-07
4.45114842728e-10	-8.3606423118e-08
4.5129638871e-10	-5.23902663474e-08
4.57477934692e-10	-2.91800823504e-08
4.63659480674e-10	-1.33797115609e-08
4.69841026656e-10	-3.64668606423e-09
4.76022572638e-10	9.5322816307e-10
4.8220411862e-10	1.25528976103e-09
4.88385664603e-10	8.09676103941e-10
4.94567210585e-10	1.18689225115e-11
5.00748756567e-10	-3.8201264374e-10
5.06930302549e-10	-5.69042701848e-10
5.13111848531e-10	-5.37004107848e-10
5.19293394513e-10	-3.48433976116e-10
5.25474940495e-10	-8.83175060862e-11
5.31656486477e-10	1.93427329709e-10
5.3783803246e-10	4.67253402636e-10
5.44019578442e-10	7.29561189239e-10
5.50201124424e-10	9.7143082467e-10
5.56382670406e-10	1.20113852198e-09
5.62564216388e-10	1.40563294337e-09
5.6874576237e-10	1.60296342866e-09
5.74927308352e-10	1.77487857744e-09
5.81108854335e-10	1.95642524403e-09
5.87290400317e-10	2.11839212838e-09
5.93471946299e-10	2.26234253553e-09
5.99653492281e-10	2.39051045625e-09
6.05835038263e-10	2.5162367745e-09
6.12016584245e-10	2.63627608632e-09
6.18198130227e-10	2.77422307349e-09
6.24379676209e-10	2.94314306259e-09
6.30561222192e-10	3.13949377606e-09
6.36742768174e-10	3.33324101653e-09
6.42924314156e-10	3.47791573319e-09
6.49105860138e-10	3.54522078361e-09
6.5528740612e-10	3.53447160428e-09
6.61468952102e-10	3.47674622425e-09
6.67650498084e-10	3.46627393455e-09
6.73832044067e-10	3.61000118687e-09
6.80013590049e-10	3.95236643413e-09
6.86195136031e-10	4.45908243663e-09
6.92376682013e-10	4.9895425569e-09
6.98558227995e-10	5.38596456323e-09
7.04739773977e-10	5.43786171647e-09
7.10921319959e-10	5.04567365667e-09
7.17102865941e-10	4.22068424655e-09
7.23284411924e-10	3.11780334883e-09
7.29465957906e-10	1.99526550837e-09
7.35647503888e-10	1.13086839892e-09
7.4182904987e-10	7.31126714726e-10
7.48010595852e-10	8.53638548737e-10
7.54192141834e-10	1.43270728614e-09
7.60373687816e-10	2.29735963586e-09
7.66555233799e-10	3.23941851121e-09
7.72736779781e-10	4.0670968815e-09
7.78918325763e-10	4.66132732413e-09
7.85099871745e-10	4.98820007522e-09
7.91281417727e-10	5.08248154674e-09
7.97462963709e-10	5.02187180729e-09
8.03644509691e-10	4.87700280161e-09
8.09826055673e-10	4.71881911324e-09
8.16007601656e-10	4.5893902012e-09
8.22189147638e-10	4.49599557584e-09
8.2837069362e-10	4.43860947996e-09
