% time-domain current integration by openEMS v0.0.36 @Sat Dec  9 19:00:07 2023
% start-coordinates: (0.01175,-0.000351667,-6.813e-05) m -> [186,42,7]
% stop-coordinates: (0.01175,0.000311667,3.74715e-05) m -> [186,55,10]
% t/s	current
4.35320139587e-14	-0
6.22507799609e-12	-1.97103225727e-21
1.24066239782e-11	-3.24278310367e-13
1.85881699604e-11	-1.37489838958e-10
2.47697159425e-11	-1.10068210102e-09
3.09512619246e-11	-7.6540285221e-09
3.71328079068e-11	-1.03394901529e-08
4.33143538889e-11	-6.66589539122e-09
4.9495899871e-11	1.93892546463e-08
5.56774458532e-11	8.95112748367e-08
6.18589918353e-11	2.34132869537e-07
6.80405378174e-11	4.76461735843e-07
7.42220837996e-11	8.00793714006e-07
8.04036297817e-11	1.10574819701e-06
8.65851757638e-11	1.15924365218e-06
9.2766721746e-11	5.90222668961e-07
9.89482677281e-11	-1.03853142264e-06
1.0512981371e-10	-4.04642969443e-06
1.11311359692e-10	-8.3633012764e-06
1.17492905674e-10	-1.32709647005e-05
1.23674451657e-10	-1.73199041456e-05
1.29855997639e-10	-1.85765038623e-05
1.36037543621e-10	-1.52379207066e-05
1.42219089603e-10	-6.45514091957e-06
1.48400635585e-10	6.98102212482e-06
1.54582181567e-10	2.2481817723e-05
1.60763727549e-10	3.62490427506e-05
1.66945273532e-10	4.44880133728e-05
1.73126819514e-10	4.47797210654e-05
1.79308365496e-10	3.70103443856e-05
1.85489911478e-10	2.34246890614e-05
1.9167145746e-10	7.77369223215e-06
1.97853003442e-10	-6.04929073234e-06
2.04034549424e-10	-1.52797929331e-05
2.10216095407e-10	-1.89590282389e-05
2.16397641389e-10	-1.78450754902e-05
2.22579187371e-10	-1.37466931847e-05
2.28760733353e-10	-8.67213111633e-06
2.34942279335e-10	-4.16377997681e-06
2.41123825317e-10	-1.00922488855e-06
2.47305371299e-10	6.94060418027e-07
2.53486917281e-10	1.2739220665e-06
2.59668463264e-10	1.19388914754e-06
2.65850009246e-10	8.51550851166e-07
2.72031555228e-10	4.95872313877e-07
2.7821310121e-10	2.34332560467e-07
2.84394647192e-10	8.15291869571e-08
2.90576193174e-10	1.02976356331e-08
2.96757739156e-10	-1.36784308324e-08
3.02939285139e-10	-1.63720113022e-08
3.09120831121e-10	-1.24977415084e-08
3.15302377103e-10	-8.76415473527e-09
3.21483923085e-10	-8.39472580338e-09
3.27665469067e-10	-8.36260838355e-09
3.33847015049e-10	-8.31755553321e-09
3.40028561031e-10	-8.01308619458e-09
3.46210107013e-10	-7.72465114096e-09
3.52391652996e-10	-7.54837081729e-09
3.58573198978e-10	-7.50704920449e-09
3.6475474496e-10	-7.65615038034e-09
3.70936290942e-10	-8.20188628126e-09
3.77117836924e-10	-9.19995812865e-09
3.83299382906e-10	-1.04166071324e-08
3.89480928888e-10	-1.18222942547e-08
3.95662474871e-10	-1.28672823507e-08
4.01844020853e-10	-1.27560939589e-08
4.08025566835e-10	-1.10509814633e-08
4.14207112817e-10	-7.04199454304e-09
4.20388658799e-10	-9.50764911245e-10
4.26570204781e-10	5.6146172156e-09
4.32751750763e-10	1.00291739358e-08
4.38933296745e-10	9.59751833562e-09
4.45114842728e-10	3.14243475685e-09
4.5129638871e-10	-7.92535992389e-09
4.57477934692e-10	-1.90750615303e-08
4.63659480674e-10	-2.46752005495e-08
4.69841026656e-10	-2.0386282884e-08
4.76022572638e-10	-6.62277033214e-09
4.8220411862e-10	1.07570983232e-08
4.88385664603e-10	2.23630109986e-08
4.94567210585e-10	1.92880147409e-08
5.00748756567e-10	-1.8109884703e-09
5.06930302549e-10	-3.62167575929e-08
5.13111848531e-10	-7.24808515429e-08
5.19293394513e-10	-9.71990843368e-08
5.25474940495e-10	-1.0079402557e-07
5.31656486477e-10	-8.14981007125e-08
5.3783803246e-10	-4.57906743634e-08
5.44019578442e-10	-5.1694848402e-09
5.50201124424e-10	2.88030559403e-08
5.56382670406e-10	4.83807980345e-08
5.62564216388e-10	5.18744123212e-08
5.6874576237e-10	4.28796163021e-08
5.74927308352e-10	2.75167852948e-08
5.81108854335e-10	1.17610428063e-08
5.87290400317e-10	-3.66105534777e-10
5.93471946299e-10	-7.45273620595e-09
5.99653492281e-10	-1.01305470679e-08
6.05835038263e-10	-9.99091120946e-09
6.12016584245e-10	-8.66995186755e-09
6.18198130227e-10	-7.28878379874e-09
6.24379676209e-10	-6.32383523325e-09
6.30561222192e-10	-5.74908387563e-09
6.36742768174e-10	-5.43399547581e-09
6.42924314156e-10	-5.21388976438e-09
6.49105860138e-10	-4.97271823718e-09
6.5528740612e-10	-4.75984540671e-09
6.61468952102e-10	-4.6876564852e-09
6.67650498084e-10	-4.76683492678e-09
6.73832044067e-10	-4.91531038094e-09
6.80013590049e-10	-5.09372899415e-09
6.86195136031e-10	-5.23592502688e-09
6.92376682013e-10	-5.27313925858e-09
6.98558227995e-10	-5.25416465891e-09
7.04739773977e-10	-5.18928011672e-09
7.10921319959e-10	-5.15269471535e-09
7.17102865941e-10	-5.13279241332e-09
7.23284411924e-10	-5.1052797545e-09
7.29465957906e-10	-5.02694774696e-09
7.35647503888e-10	-4.89893814404e-09
7.4182904987e-10	-4.82127138213e-09
7.48010595852e-10	-4.79414863364e-09
7.54192141834e-10	-4.86876183814e-09
7.60373687816e-10	-5.02186647822e-09
7.66555233799e-10	-5.21613774396e-09
7.72736779781e-10	-5.32859445457e-09
7.78918325763e-10	-5.33430011274e-09
7.85099871745e-10	-5.25308196941e-09
7.91281417727e-10	-5.14659159734e-09
7.97462963709e-10	-5.06499464592e-09
8.03644509691e-10	-5.06038144721e-09
8.09826055673e-10	-5.13042852646e-09
8.16007601656e-10	-5.21647436358e-09
8.22189147638e-10	-5.29383381576e-09
8.2837069362e-10	-5.32639488071e-09
8.34552239602e-10	-5.25976862065e-09
8.40733785584e-10	-5.14568032628e-09
8.46915331566e-10	-5.02248997947e-09
8.53096877548e-10	-4.94803309437e-09
8.59278423531e-10	-4.92981877542e-09
8.65459969513e-10	-4.97606089667e-09
8.71641515495e-10	-5.03891728343e-09
8.77823061477e-10	-5.06709829651e-09
8.84004607459e-10	-5.0738688806e-09
8.90186153441e-10	-5.0820219144e-09
8.96367699423e-10	-5.084384469e-09
9.02549245405e-10	-5.13147790926e-09
9.08730791388e-10	-5.23765919525e-09
9.1491233737e-10	-5.31775068424e-09
9.21093883352e-10	-5.31058796938e-09
9.27275429334e-10	-5.22743048847e-09
9.33456975316e-10	-5.08238295893e-09
9.39638521298e-10	-4.9373762856e-09
9.4582006728e-10	-4.88991647174e-09
