% time-domain current integration by openEMS v0.0.36 @Sat Dec  9 19:00:07 2023
% start-coordinates: (0.01165,-0.000351667,-6.813e-05) m -> [185,42,7]
% stop-coordinates: (0.01165,0.000311667,3.74715e-05) m -> [185,55,10]
% t/s	current
4.35320139587e-14	-0
6.22507799609e-12	-3.75639760605e-22
1.24066239782e-11	-1.74776412418e-13
1.85881699604e-11	-1.12092272964e-10
2.47697159425e-11	-8.72920347117e-10
3.09512619246e-11	-6.69556676769e-09
3.71328079068e-11	-1.07727311516e-08
4.33143538889e-11	-7.53475237758e-09
4.9495899871e-11	1.57698902825e-08
5.56774458532e-11	7.99894976922e-08
6.18589918353e-11	2.15628205069e-07
6.80405378174e-11	4.47773572887e-07
7.42220837996e-11	7.66405662489e-07
8.04036297817e-11	1.08091808215e-06
8.65851757638e-11	1.17354977647e-06
9.2766721746e-11	6.85600070938e-07
9.89482677281e-11	-8.19670503915e-07
1.0512981371e-10	-3.68439100384e-06
1.11311359692e-10	-7.88986562839e-06
1.17492905674e-10	-1.27905395857e-05
1.23674451657e-10	-1.70053990587e-05
1.29855997639e-10	-1.86276174645e-05
1.36037543621e-10	-1.58063357958e-05
1.42219089603e-10	-7.56157714932e-06
1.48400635585e-10	5.49787409909e-06
1.54582181567e-10	2.09492773138e-05
1.60763727549e-10	3.50689879269e-05
1.66945273532e-10	4.39986615675e-05
1.73126819514e-10	4.51288215118e-05
1.79308365496e-10	3.80968158424e-05
1.85489911478e-10	2.49370641541e-05
1.9167145746e-10	9.30752594286e-06
1.97853003442e-10	-4.84910606247e-06
2.04034549424e-10	-1.46124466482e-05
2.10216095407e-10	-1.88351223187e-05
2.16397641389e-10	-1.81271589099e-05
2.22579187371e-10	-1.42313601827e-05
2.28760733353e-10	-9.17183660931e-06
2.34942279335e-10	-4.55754025097e-06
2.41123825317e-10	-1.25344547541e-06
2.47305371299e-10	5.84236431678e-07
2.53486917281e-10	1.25497729186e-06
2.59668463264e-10	1.22004803416e-06
2.65850009246e-10	8.89480020305e-07
2.72031555228e-10	5.27915233306e-07
2.7821310121e-10	2.55038713703e-07
2.84394647192e-10	9.22488467836e-08
2.90576193174e-10	1.45325600442e-08
2.96757739156e-10	-1.27103731984e-08
3.02939285139e-10	-1.66057514406e-08
3.09120831121e-10	-1.2941327121e-08
3.15302377103e-10	-8.9575582507e-09
3.21483923085e-10	-8.20291035097e-09
3.27665469067e-10	-8.37658653552e-09
3.33847015049e-10	-8.2683033753e-09
3.40028561031e-10	-7.94544874338e-09
3.46210107013e-10	-7.65988161788e-09
3.52391652996e-10	-7.5315620407e-09
3.58573198978e-10	-7.54894813326e-09
3.6475474496e-10	-7.76450903572e-09
3.70936290942e-10	-8.37149549682e-09
3.77117836924e-10	-9.34953892084e-09
3.83299382906e-10	-1.05796216232e-08
3.89480928888e-10	-1.19019416545e-08
3.95662474871e-10	-1.28967405644e-08
4.01844020853e-10	-1.26080612617e-08
4.08025566835e-10	-1.06357500584e-08
4.14207112817e-10	-6.4819003498e-09
4.20388658799e-10	-3.33851501999e-10
4.26570204781e-10	6.16876461024e-09
4.32751750763e-10	1.02655395295e-08
4.38933296745e-10	9.27890653202e-09
4.45114842728e-10	2.2319843751e-09
4.5129638871e-10	-9.14064912649e-09
4.57477934692e-10	-2.00406002904e-08
4.63659480674e-10	-2.48508040812e-08
4.69841026656e-10	-1.95208116338e-08
4.76022572638e-10	-4.97944085964e-09
4.8220411862e-10	1.23342447367e-08
4.88385664603e-10	2.28549872361e-08
4.94567210585e-10	1.8074864272e-08
5.00748756567e-10	-4.67985605823e-09
5.06930302549e-10	-3.99323276667e-08
5.13111848531e-10	-7.56903446586e-08
5.19293394513e-10	-9.86059376373e-08
5.25474940495e-10	-9.98197506874e-08
5.31656486477e-10	-7.84569493817e-08
5.3783803246e-10	-4.17035579403e-08
5.44019578442e-10	-1.29350818945e-09
5.50201124424e-10	3.14683532565e-08
5.56382670406e-10	4.94236971349e-08
5.62564216388e-10	5.14527087603e-08
5.6874576237e-10	4.15073415638e-08
5.74927308352e-10	2.58162824451e-08
5.81108854335e-10	1.02535482327e-08
5.87290400317e-10	-1.4053478381e-09
5.93471946299e-10	-7.98167487659e-09
5.99653492281e-10	-1.02359143384e-08
6.05835038263e-10	-9.82353398626e-09
6.12016584245e-10	-8.40266967117e-09
6.18198130227e-10	-7.06612723889e-09
6.24379676209e-10	-6.22409634943e-09
6.30561222192e-10	-5.7632512096e-09
6.36742768174e-10	-5.49303225128e-09
6.42924314156e-10	-5.26825916225e-09
6.49105860138e-10	-4.97515229014e-09
6.5528740612e-10	-4.7049795171e-09
6.61468952102e-10	-4.61273019781e-09
6.67650498084e-10	-4.70978855915e-09
6.73832044067e-10	-4.87802953586e-09
6.80013590049e-10	-5.08537789656e-09
6.86195136031e-10	-5.27371391001e-09
6.92376682013e-10	-5.33599830987e-09
6.98558227995e-10	-5.307430051e-09
7.04739773977e-10	-5.22564524985e-09
7.10921319959e-10	-5.15516029864e-09
7.17102865941e-10	-5.09552000594e-09
7.23284411924e-10	-5.0375685845e-09
7.29465957906e-10	-4.97708807501e-09
7.35647503888e-10	-4.8870041347e-09
7.4182904987e-10	-4.85937290406e-09
7.48010595852e-10	-4.85092499503e-09
7.54192141834e-10	-4.90857221536e-09
7.60373687816e-10	-5.0011323971e-09
7.66555233799e-10	-5.14906028926e-09
7.72736779781e-10	-5.27382360005e-09
7.78918325763e-10	-5.33280308801e-09
7.85099871745e-10	-5.32762811645e-09
7.91281417727e-10	-5.27543653206e-09
7.97462963709e-10	-5.20956655592e-09
8.03644509691e-10	-5.14758013992e-09
8.09826055673e-10	-5.11142106419e-09
8.16007601656e-10	-5.09769826351e-09
8.22189147638e-10	-5.12242115391e-09
8.2837069362e-10	-5.1651012356e-09
8.34552239602e-10	-5.18004616978e-09
8.40733785584e-10	-5.15525355738e-09
8.46915331566e-10	-5.09048181385e-09
8.53096877548e-10	-5.0414494801e-09
8.59278423531e-10	-5.0001487395e-09
8.65459969513e-10	-4.99008345756e-09
8.71641515495e-10	-5.0037374244e-09
8.77823061477e-10	-5.02701880123e-09
8.84004607459e-10	-5.06565855929e-09
8.90186153441e-10	-5.10422815125e-09
8.96367699423e-10	-5.12861664248e-09
9.02549245405e-10	-5.15797626832e-09
9.08730791388e-10	-5.227363431e-09
9.1491233737e-10	-5.27182564269e-09
9.21093883352e-10	-5.26714849514e-09
9.27275429334e-10	-5.2352162605e-09
9.33456975316e-10	-5.14469222779e-09
9.39638521298e-10	-5.05220487668e-09
9.4582006728e-10	-5.0058694967e-09
